         1 1.666667e-01 1.666667e-01 1.666667e-01 8.940697e-08 8.940697e-08 
         2 2.166667e-01 2.166667e-01 2.166667e-01 1.375492e-07 1.375492e-07 
         3 2.404763e-01 2.404764e-01 2.404762e-01 2.478609e-07 7.435827e-07 
         4 2.543651e-01 2.543652e-01 2.543651e-01 2.343271e-07 4.686543e-07 
         5 2.634561e-01 2.634561e-01 2.634560e-01 4.524827e-07 4.524827e-07 
         6 2.698663e-01 2.698665e-01 2.698663e-01 3.313010e-07 7.730357e-07 
         7 2.746283e-01 2.746286e-01 2.746282e-01 4.340752e-07 1.736301e-06 
         8 2.783048e-01 2.783051e-01 2.783046e-01 4.283410e-07 1.499194e-06 
         9 2.812288e-01 2.812290e-01 2.812286e-01 6.358313e-07 1.483606e-06 
        10 2.836097e-01 2.836103e-01 2.836096e-01 6.304933e-07 2.732138e-06 
        11 2.855861e-01 2.855873e-01 2.855859e-01 7.304853e-07 5.113397e-06 
        12 2.872527e-01 2.872543e-01 2.872525e-01 7.262469e-07 6.328723e-06 
        13 2.886773e-01 2.886791e-01 2.886770e-01 9.291384e-07 7.329870e-06 
        14 2.899088e-01 2.899103e-01 2.899085e-01 8.223925e-07 6.167943e-06 
        15 2.909840e-01 2.909861e-01 2.909838e-01 8.193534e-07 7.783858e-06 
        16 2.919310e-01 2.919331e-01 2.919308e-01 9.187826e-07 7.860695e-06 
        17 2.927714e-01 2.927732e-01 2.927711e-01 1.017939e-06 7.329164e-06 
        18 2.935222e-01 2.935238e-01 2.935219e-01 1.116869e-06 6.599682e-06 
        19 2.941970e-01 2.941990e-01 2.941966e-01 1.215608e-06 8.104056e-06 
        20 2.948067e-01 2.948074e-01 2.948064e-01 1.213094e-06 3.639282e-06 
        21 2.953604e-01 2.953606e-01 2.953601e-01 1.311722e-06 1.715328e-06 
        22 2.958655e-01 2.958660e-01 2.958651e-01 1.208753e-06 3.021883e-06 
        23 2.963280e-01 2.963295e-01 2.963277e-01 1.206866e-06 6.235476e-06 
        24 2.967532e-01 2.967548e-01 2.967528e-01 1.205137e-06 6.829111e-06 
        25 2.971453e-01 2.971478e-01 2.971450e-01 1.103251e-06 9.327488e-06 
        26 2.975082e-01 2.975101e-01 2.975078e-01 1.202079e-06 7.813513e-06 
        27 2.978449e-01 2.978458e-01 2.978445e-01 1.200720e-06 4.402640e-06 
        28 2.981582e-01 2.981586e-01 2.981578e-01 1.199458e-06 2.798736e-06 
        29 2.984504e-01 2.984505e-01 2.984501e-01 9.985698e-07 1.397998e-06 
        30 2.987236e-01 2.987232e-01 2.987233e-01 9.976565e-07 1.995313e-07 
        31 2.989796e-01 2.989788e-01 2.989793e-01 9.968022e-07 1.594884e-06 
        32 2.992200e-01 2.992191e-01 2.992197e-01 9.960014e-07 1.792803e-06 
        33 2.994461e-01 2.994461e-01 2.994458e-01 9.952493e-07 9.952493e-07 
        34 2.996593e-01 2.996597e-01 2.996589e-01 1.093996e-06 2.685262e-06 
        35 2.998605e-01 2.998619e-01 2.998601e-01 1.192649e-06 5.963245e-06 
        36 3.000507e-01 3.000526e-01 3.000504e-01 1.191893e-06 7.548654e-06 
        37 3.002309e-01 3.002319e-01 3.002306e-01 1.191177e-06 4.566180e-06 
        38 3.004018e-01 3.004036e-01 3.004014e-01 1.190500e-06 7.142999e-06 
        39 3.005641e-01 3.005676e-01 3.005637e-01 1.289012e-06 1.298927e-05 
        40 3.007184e-01 3.007240e-01 3.007180e-01 1.288350e-06 1.991988e-05 
        41 3.008654e-01 3.008728e-01 3.008650e-01 1.287721e-06 2.605159e-05 
        42 3.010054e-01 3.010139e-01 3.010050e-01 1.287122e-06 2.960381e-05 
        43 3.011391e-01 3.011475e-01 3.011387e-01 1.187585e-06 2.909584e-05 
        44 3.012667e-01 3.012772e-01 3.012664e-01 1.187082e-06 3.581031e-05 
        45 3.013889e-01 3.013992e-01 3.013885e-01 1.285484e-06 3.569691e-05 
        46 3.015057e-01 3.015137e-01 3.015054e-01 1.284986e-06 2.757778e-05 
        47 3.016177e-01 3.016281e-01 3.016173e-01 1.383317e-06 3.576864e-05 
        48 3.017251e-01 3.017349e-01 3.017247e-01 1.481598e-06 3.387922e-05 
        49 3.018282e-01 3.018379e-01 3.018278e-01 1.382353e-06 3.357143e-05 
        50 3.019272e-01 3.019371e-01 3.019268e-01 1.381900e-06 3.415266e-05 
        51 3.020224e-01 3.020325e-01 3.020220e-01 1.381464e-06 3.473395e-05 
        52 3.021140e-01 3.021240e-01 3.021136e-01 1.282399e-06 3.462478e-05 
        53 3.022022e-01 3.022118e-01 3.022017e-01 1.479260e-06 3.323404e-05 
        54 3.022872e-01 3.022957e-01 3.022867e-01 1.676023e-06 2.987265e-05 
        55 3.023691e-01 3.023758e-01 3.023686e-01 1.675569e-06 2.395079e-05 
        56 3.024481e-01 3.024559e-01 3.024476e-01 1.773669e-06 2.759040e-05 
        57 3.025244e-01 3.025322e-01 3.025238e-01 1.871734e-06 2.768196e-05 
        58 3.025981e-01 3.026047e-01 3.025975e-01 1.871278e-06 2.373569e-05 
        59 3.026693e-01 3.026772e-01 3.026687e-01 1.870838e-06 2.786564e-05 
        60 3.027381e-01 3.027496e-01 3.027376e-01 1.771970e-06 3.977087e-05 
        61 3.028048e-01 3.028183e-01 3.028042e-01 1.771580e-06 4.645476e-05 
        62 3.028693e-01 3.028831e-01 3.028688e-01 1.672802e-06 4.752726e-05 
        63 3.029318e-01 3.029480e-01 3.029312e-01 1.770837e-06 5.528946e-05 
        64 3.029923e-01 3.030090e-01 3.029918e-01 1.770483e-06 5.685217e-05 
        65 3.030511e-01 3.030663e-01 3.030505e-01 1.966822e-06 5.192410e-05 
        66 3.031081e-01 3.031235e-01 3.031075e-01 2.064775e-06 5.279925e-05 
        67 3.031633e-01 3.031769e-01 3.031628e-01 1.966094e-06 4.659643e-05 
        68 3.032171e-01 3.032303e-01 3.032164e-01 2.064033e-06 4.570359e-05 
        69 3.032692e-01 3.032837e-01 3.032686e-01 2.161949e-06 4.992136e-05 
        70 3.033199e-01 3.033295e-01 3.033192e-01 2.161588e-06 3.379937e-05 
        71 3.033691e-01 3.033752e-01 3.033684e-01 2.161237e-06 2.239827e-05 
        72 3.034170e-01 3.034210e-01 3.034163e-01 2.062673e-06 1.542094e-05 
        73 3.034635e-01 3.034668e-01 3.034629e-01 1.964149e-06 1.276697e-05 
        74 3.035089e-01 3.035126e-01 3.035083e-01 1.963856e-06 1.413976e-05 
        75 3.035530e-01 3.035583e-01 3.035524e-01 2.061749e-06 1.953752e-05 
        76 3.035960e-01 3.035965e-01 3.035954e-01 1.963292e-06 3.533926e-06 
        77 3.036379e-01 3.036346e-01 3.036373e-01 1.963021e-06 8.833595e-06 
        78 3.036788e-01 3.036728e-01 3.036782e-01 1.962757e-06 1.766481e-05 
        79 3.037186e-01 3.037186e-01 3.037180e-01 1.962500e-06 1.962500e-06 
        80 3.037574e-01 3.037567e-01 3.037568e-01 2.060361e-06 2.943373e-07 
        81 3.037953e-01 3.037949e-01 3.037947e-01 1.962004e-06 5.886013e-07 
        82 3.038322e-01 3.038330e-01 3.038316e-01 1.961766e-06 4.512061e-06 
        83 3.038684e-01 3.038712e-01 3.038677e-01 2.157686e-06 1.137689e-05 
        84 3.039036e-01 3.039017e-01 3.039029e-01 2.157436e-06 4.118741e-06 
        85 3.039380e-01 3.039322e-01 3.039373e-01 2.353300e-06 1.686532e-05 
        86 3.039716e-01 3.039627e-01 3.039709e-01 2.353040e-06 2.705996e-05 
        87 3.040045e-01 3.039932e-01 3.040038e-01 2.352786e-06 3.470359e-05 
        88 3.040366e-01 3.040237e-01 3.040359e-01 2.254515e-06 3.989511e-05 
        89 3.040680e-01 3.040543e-01 3.040673e-01 2.352295e-06 4.273335e-05 
        90 3.040987e-01 3.040848e-01 3.040980e-01 2.352057e-06 4.331705e-05 
        91 3.041287e-01 3.041153e-01 3.041280e-01 2.449818e-06 4.164690e-05 
        92 3.041581e-01 3.041458e-01 3.041573e-01 2.449581e-06 3.791952e-05 
        93 3.041868e-01 3.041763e-01 3.041861e-01 2.351376e-06 3.213546e-05 
        94 3.042150e-01 3.041992e-01 3.042142e-01 2.547088e-06 4.937432e-05 
        95 3.042426e-01 3.042297e-01 3.042418e-01 2.448901e-06 3.967220e-05 
        96 3.042695e-01 3.042603e-01 3.042688e-01 2.252789e-06 2.811089e-05 
        97 3.042959e-01 3.042908e-01 3.042952e-01 2.154654e-06 1.469083e-05 
        98 3.043218e-01 3.043213e-01 3.043211e-01 2.056541e-06 4.896525e-07 
        99 3.043471e-01 3.043442e-01 3.043465e-01 1.860524e-06 7.735865e-06 
       100 3.043720e-01 3.043671e-01 3.043714e-01 1.762458e-06 1.429549e-05 
       101 3.043964e-01 3.043900e-01 3.043958e-01 1.958130e-06 1.918967e-05 
       102 3.044203e-01 3.044205e-01 3.044197e-01 1.957976e-06 2.545369e-06 
       103 3.044438e-01 3.044434e-01 3.044432e-01 2.055716e-06 6.852388e-07 
       104 3.044668e-01 3.044662e-01 3.044662e-01 2.055561e-06 2.936516e-07 
       105 3.044894e-01 3.044891e-01 3.044887e-01 2.153285e-06 1.370272e-06 
       106 3.045115e-01 3.045120e-01 3.045109e-01 2.250998e-06 3.816910e-06 
       107 3.045332e-01 3.045273e-01 3.045326e-01 2.152975e-06 1.741953e-05 
       108 3.045546e-01 3.045502e-01 3.045539e-01 2.152824e-06 1.232981e-05 
       109 3.045756e-01 3.045654e-01 3.045749e-01 2.250525e-06 3.101811e-05 
       110 3.045961e-01 3.045883e-01 3.045954e-01 2.250373e-06 2.338431e-05 
       111 3.046163e-01 3.046036e-01 3.046156e-01 2.250224e-06 3.962351e-05 
       112 3.046362e-01 3.046188e-01 3.046355e-01 2.250077e-06 5.468666e-05 
       113 3.046557e-01 3.046417e-01 3.046550e-01 2.249933e-06 4.353132e-05 
       114 3.046748e-01 3.046646e-01 3.046741e-01 2.151975e-06 3.130145e-05 
       115 3.046936e-01 3.046875e-01 3.046930e-01 1.956220e-06 1.799722e-05 
       116 3.047121e-01 3.047028e-01 3.047115e-01 2.053906e-06 2.865688e-05 
       117 3.047304e-01 3.047180e-01 3.047297e-01 2.249382e-06 3.823949e-05 
       118 3.047482e-01 3.047333e-01 3.047476e-01 2.249250e-06 4.684307e-05 
       119 3.047658e-01 3.047562e-01 3.047651e-01 2.249120e-06 2.943414e-05 
       120 3.047831e-01 3.047714e-01 3.047824e-01 2.248993e-06 3.608166e-05 
       121 3.048001e-01 3.047943e-01 3.047994e-01 2.151090e-06 1.681761e-05 
       122 3.048168e-01 3.048096e-01 3.048162e-01 2.248744e-06 2.160749e-05 
       123 3.048333e-01 3.048248e-01 3.048326e-01 2.248622e-06 2.551698e-05 
       124 3.048495e-01 3.048477e-01 3.048488e-01 2.346264e-06 3.519396e-06 
       125 3.048655e-01 3.048630e-01 3.048647e-01 2.443897e-06 5.767597e-06 
       126 3.048812e-01 3.048782e-01 3.048804e-01 2.443772e-06 7.135813e-06 
       127 3.048966e-01 3.048935e-01 3.048958e-01 2.443648e-06 7.721927e-06 
       128 3.049118e-01 3.049088e-01 3.049110e-01 2.443526e-06 7.526060e-06 
       129 3.049268e-01 3.049240e-01 3.049260e-01 2.443406e-06 6.548328e-06 
       130 3.049415e-01 3.049393e-01 3.049407e-01 2.443288e-06 4.788845e-06 
       131 3.049560e-01 3.049622e-01 3.049552e-01 2.345445e-06 2.267264e-05 
       132 3.049703e-01 3.049774e-01 3.049695e-01 2.345335e-06 2.579868e-05 
       133 3.049843e-01 3.049927e-01 3.049836e-01 2.345227e-06 2.970621e-05 
       134 3.049982e-01 3.050079e-01 3.049975e-01 2.442834e-06 3.429738e-05 
       135 3.050119e-01 3.050232e-01 3.050112e-01 2.345015e-06 3.947442e-05 
       136 3.050253e-01 3.050385e-01 3.050246e-01 2.344912e-06 4.533496e-05 
       137 3.050386e-01 3.050537e-01 3.050379e-01 2.442510e-06 5.187891e-05 
       138 3.050517e-01 3.050537e-01 3.050510e-01 2.344709e-06 8.988051e-06 
       139 3.050646e-01 3.050690e-01 3.050639e-01 2.442302e-06 1.670534e-05 
       140 3.050774e-01 3.050842e-01 3.050766e-01 2.637576e-06 2.510582e-05 
       141 3.050900e-01 3.050842e-01 3.050891e-01 2.832836e-06 1.592249e-05 
       142 3.051023e-01 3.050995e-01 3.051015e-01 2.930401e-06 6.446883e-06 
       143 3.051146e-01 3.051147e-01 3.051136e-01 3.027960e-06 3.614017e-06 
       144 3.051265e-01 3.051300e-01 3.051257e-01 2.930169e-06 1.426015e-05 
       145 3.051383e-01 3.051453e-01 3.051375e-01 2.734718e-06 2.539381e-05 
       146 3.051500e-01 3.051453e-01 3.051492e-01 2.734613e-06 1.289175e-05 
       147 3.051615e-01 3.051605e-01 3.051607e-01 2.636849e-06 6.836275e-07 
       148 3.051729e-01 3.051605e-01 3.051721e-01 2.636750e-06 3.798874e-05 
       149 3.051841e-01 3.051758e-01 3.051834e-01 2.539000e-06 2.480407e-05 
       150 3.051952e-01 3.051758e-01 3.051944e-01 2.538907e-06 6.112907e-05 
       151 3.052062e-01 3.051910e-01 3.052054e-01 2.636463e-06 4.696810e-05 
       152 3.052170e-01 3.052063e-01 3.052162e-01 2.636370e-06 3.231994e-05 
       153 3.052276e-01 3.052216e-01 3.052268e-01 2.733918e-06 1.718463e-05 
       154 3.052381e-01 3.052368e-01 3.052373e-01 2.636187e-06 1.659822e-06 
       155 3.052485e-01 3.052368e-01 3.052477e-01 2.636098e-06 3.563613e-05 
       156 3.052588e-01 3.052521e-01 3.052579e-01 2.636009e-06 1.923310e-05 
       157 3.052689e-01 3.052673e-01 3.052680e-01 2.733549e-06 2.343042e-06 
       158 3.052788e-01 3.052673e-01 3.052780e-01 2.635836e-06 3.504685e-05 
       159 3.052887e-01 3.052826e-01 3.052879e-01 2.733371e-06 1.737643e-05 
       160 3.052985e-01 3.052979e-01 3.052976e-01 2.830901e-06 6.833209e-07 
       161 3.053081e-01 3.053131e-01 3.053073e-01 2.733197e-06 1.913238e-05 
       162 3.053176e-01 3.053131e-01 3.053168e-01 2.830723e-06 1.200617e-05 
       163 3.053271e-01 3.053284e-01 3.053262e-01 2.928245e-06 7.223003e-06 
       164 3.053363e-01 3.053436e-01 3.053354e-01 2.830551e-06 2.684143e-05 
       165 3.053455e-01 3.053589e-01 3.053446e-01 2.928068e-06 4.684909e-05 
       166 3.053545e-01 3.053589e-01 3.053536e-01 2.927981e-06 1.717749e-05 
       167 3.053635e-01 3.053589e-01 3.053626e-01 2.927895e-06 1.210197e-05 
       168 3.053723e-01 3.053741e-01 3.053714e-01 2.927811e-06 8.978620e-06 
       169 3.053811e-01 3.053894e-01 3.053801e-01 3.025318e-06 3.035077e-05 
       170 3.053897e-01 3.054047e-01 3.053887e-01 3.122821e-06 5.211207e-05 
       171 3.053982e-01 3.054199e-01 3.053973e-01 3.122734e-06 7.416492e-05 
       172 3.054066e-01 3.054352e-01 3.054057e-01 3.025065e-06 9.650932e-05 
       173 3.054150e-01 3.054352e-01 3.054140e-01 3.122562e-06 6.928185e-05 
       174 3.054232e-01 3.054352e-01 3.054222e-01 3.122478e-06 4.234861e-05 
       175 3.054314e-01 3.054352e-01 3.054304e-01 3.219970e-06 1.570955e-05 
       176 3.054394e-01 3.054352e-01 3.054384e-01 3.219885e-06 1.063538e-05 
       177 3.054473e-01 3.054352e-01 3.054464e-01 3.122231e-06 3.668622e-05 
       178 3.054552e-01 3.054352e-01 3.054543e-01 3.122151e-06 6.244302e-05 
       179 3.054630e-01 3.054352e-01 3.054620e-01 3.219636e-06 8.790583e-05 
       180 3.054707e-01 3.054352e-01 3.054697e-01 3.219555e-06 1.130747e-04 
       181 3.054783e-01 3.054352e-01 3.054773e-01 3.317035e-06 1.379496e-04 
       182 3.054858e-01 3.054352e-01 3.054849e-01 3.219396e-06 1.626283e-04 
       183 3.054933e-01 3.054352e-01 3.054923e-01 3.219317e-06 1.870131e-04 
       184 3.055006e-01 3.054352e-01 3.054997e-01 3.121687e-06 2.111041e-04 
       185 3.055079e-01 3.054352e-01 3.055069e-01 3.121613e-06 2.349014e-04 
       186 3.055151e-01 3.054352e-01 3.055142e-01 3.121539e-06 2.585024e-04 
       187 3.055223e-01 3.054352e-01 3.055213e-01 3.219012e-06 2.818099e-04 
       188 3.055293e-01 3.054352e-01 3.055283e-01 3.121394e-06 3.049212e-04 
       189 3.055363e-01 3.054352e-01 3.055353e-01 3.121323e-06 3.277389e-04 
       190 3.055432e-01 3.054352e-01 3.055422e-01 3.121252e-06 3.503606e-04 
       191 3.055500e-01 3.054504e-01 3.055491e-01 3.023645e-06 3.227498e-04 
       192 3.055568e-01 3.054657e-01 3.055558e-01 3.121113e-06 2.949452e-04 
       193 3.055634e-01 3.054810e-01 3.055625e-01 3.023512e-06 2.669469e-04 
       194 3.055701e-01 3.054962e-01 3.055691e-01 3.023447e-06 2.386572e-04 
       195 3.055767e-01 3.054962e-01 3.055757e-01 3.218439e-06 2.601084e-04 
       196 3.055832e-01 3.054962e-01 3.055822e-01 3.218370e-06 2.813636e-04 
       197 3.055896e-01 3.054962e-01 3.055886e-01 3.218302e-06 3.024229e-04 
       198 3.055960e-01 3.054962e-01 3.055950e-01 3.315758e-06 3.231889e-04 
       199 3.056023e-01 3.055115e-01 3.056013e-01 3.413210e-06 2.938286e-04 
       200 3.056086e-01 3.055267e-01 3.056075e-01 3.510659e-06 2.642746e-04 
       201 3.056147e-01 3.055267e-01 3.056137e-01 3.413071e-06 2.844551e-04 
       202 3.056208e-01 3.055267e-01 3.056198e-01 3.510518e-06 3.044399e-04 
       203 3.056269e-01 3.055267e-01 3.056258e-01 3.412936e-06 3.242289e-04 
       204 3.056329e-01 3.055420e-01 3.056318e-01 3.510379e-06 2.938968e-04 
       205 3.056388e-01 3.055573e-01 3.056377e-01 3.607820e-06 2.633708e-04 
       206 3.056447e-01 3.055573e-01 3.056436e-01 3.510244e-06 2.825746e-04 
       207 3.056505e-01 3.055573e-01 3.056494e-01 3.607682e-06 3.015827e-04 
       208 3.056563e-01 3.055725e-01 3.056552e-01 3.705117e-06 2.704735e-04 
       209 3.056620e-01 3.055878e-01 3.056609e-01 3.705048e-06 2.392681e-04 
       210 3.056677e-01 3.055878e-01 3.056666e-01 3.704979e-06 2.577885e-04 
       211 3.056733e-01 3.055878e-01 3.056722e-01 3.704911e-06 2.761134e-04 
       212 3.056788e-01 3.056030e-01 3.056777e-01 3.704844e-06 2.443247e-04 
       213 3.056843e-01 3.056183e-01 3.056832e-01 3.704778e-06 2.123422e-04 
       214 3.056898e-01 3.056183e-01 3.056886e-01 3.607219e-06 2.301796e-04 
       215 3.056952e-01 3.056183e-01 3.056940e-01 3.704646e-06 2.478213e-04 
       216 3.057005e-01 3.056335e-01 3.056994e-01 3.802071e-06 2.153532e-04 
       217 3.057058e-01 3.056335e-01 3.057047e-01 3.802005e-06 2.327022e-04 
       218 3.057111e-01 3.056335e-01 3.057099e-01 3.801939e-06 2.498557e-04 
       219 3.057163e-01 3.056488e-01 3.057151e-01 3.704390e-06 2.169993e-04 
       220 3.057214e-01 3.056488e-01 3.057203e-01 3.606846e-06 2.338601e-04 
       221 3.057265e-01 3.056488e-01 3.057254e-01 3.704266e-06 2.505254e-04 
       222 3.057316e-01 3.056641e-01 3.057305e-01 3.704205e-06 2.171834e-04 
       223 3.057366e-01 3.056641e-01 3.057355e-01 3.704144e-06 2.335560e-04 
       224 3.057415e-01 3.056641e-01 3.057404e-01 3.606608e-06 2.498307e-04 
       225 3.057465e-01 3.056793e-01 3.057454e-01 3.704024e-06 2.160031e-04 
       226 3.057514e-01 3.056793e-01 3.057503e-01 3.703965e-06 2.319852e-04 
       227 3.057562e-01 3.056793e-01 3.057551e-01 3.703906e-06 2.477719e-04 
       228 3.057610e-01 3.056946e-01 3.057599e-01 3.606379e-06 2.135561e-04 
       229 3.057657e-01 3.056946e-01 3.057646e-01 3.411386e-06 2.291477e-04 
       230 3.057704e-01 3.056946e-01 3.057694e-01 3.411334e-06 2.445439e-04 
       231 3.057750e-01 3.056946e-01 3.057740e-01 3.313816e-06 2.598422e-04 
       232 3.057797e-01 3.056946e-01 3.057787e-01 3.313766e-06 2.750426e-04 
       233 3.057843e-01 3.057098e-01 3.057833e-01 3.313716e-06 2.401470e-04 
       234 3.057889e-01 3.057098e-01 3.057878e-01 3.411127e-06 2.550549e-04 
       235 3.057934e-01 3.057098e-01 3.057924e-01 3.411077e-06 2.698649e-04 
       236 3.057979e-01 3.057098e-01 3.057968e-01 3.411027e-06 2.844797e-04 
       237 3.058023e-01 3.057098e-01 3.058013e-01 3.508434e-06 2.989965e-04 
       238 3.058068e-01 3.057251e-01 3.058057e-01 3.508384e-06 2.635186e-04 
       239 3.058111e-01 3.057251e-01 3.058101e-01 3.410880e-06 2.778405e-04 
       240 3.058155e-01 3.057404e-01 3.058144e-01 3.508284e-06 2.420716e-04 
       241 3.058198e-01 3.057404e-01 3.058187e-01 3.703136e-06 2.561011e-04 
       242 3.058241e-01 3.057404e-01 3.058229e-01 3.800534e-06 2.700328e-04 
       243 3.058283e-01 3.057404e-01 3.058272e-01 3.800482e-06 2.838667e-04 
       244 3.058326e-01 3.057404e-01 3.058314e-01 3.897876e-06 2.976029e-04 
       245 3.058367e-01 3.057556e-01 3.058355e-01 3.995269e-06 2.612516e-04 
       246 3.058408e-01 3.057556e-01 3.058396e-01 3.995216e-06 2.746954e-04 
       247 3.058450e-01 3.057709e-01 3.058437e-01 4.092605e-06 2.381506e-04 
       248 3.058490e-01 3.057709e-01 3.058478e-01 4.092551e-06 2.513996e-04 
       249 3.058530e-01 3.057861e-01 3.058518e-01 3.995056e-06 2.146612e-04 
       250 3.058570e-01 3.057861e-01 3.058558e-01 3.995005e-06 2.277153e-04 
       251 3.058610e-01 3.058014e-01 3.058597e-01 4.092391e-06 1.907834e-04 
       252 3.058649e-01 3.058014e-01 3.058637e-01 4.092338e-06 2.036425e-04 
       253 3.058689e-01 3.058167e-01 3.058676e-01 4.189721e-06 1.665171e-04 
       254 3.058727e-01 3.058167e-01 3.058715e-01 4.189668e-06 1.791814e-04 
       255 3.058766e-01 3.058319e-01 3.058753e-01 4.287048e-06 1.418623e-04 
       256 3.058804e-01 3.058319e-01 3.058791e-01 4.286995e-06 1.543318e-04 
       257 3.058842e-01 3.058472e-01 3.058829e-01 4.189511e-06 1.168192e-04 
       258 3.058879e-01 3.058472e-01 3.058867e-01 4.189460e-06 1.290938e-04 
       259 3.058916e-01 3.058472e-01 3.058904e-01 4.091981e-06 1.412708e-04 
       260 3.058953e-01 3.058472e-01 3.058941e-01 4.091931e-06 1.533500e-04 
       261 3.058990e-01 3.058472e-01 3.058977e-01 3.994457e-06 1.653315e-04 
       262 3.059026e-01 3.058777e-01 3.059014e-01 3.994409e-06 7.745256e-05 
       263 3.059062e-01 3.058777e-01 3.059050e-01 4.091785e-06 8.923989e-05 
       264 3.059098e-01 3.058777e-01 3.059086e-01 4.091738e-06 1.009295e-04 
       265 3.059133e-01 3.058777e-01 3.059121e-01 3.994269e-06 1.125215e-04 
       266 3.059168e-01 3.059082e-01 3.059156e-01 3.994223e-06 2.425760e-05 
       267 3.059204e-01 3.059082e-01 3.059191e-01 4.091597e-06 3.565534e-05 
       268 3.059239e-01 3.059082e-01 3.059226e-01 4.188968e-06 4.705282e-05 
       269 3.059273e-01 3.059082e-01 3.059261e-01 3.994087e-06 5.835263e-05 
       270 3.059307e-01 3.059082e-01 3.059295e-01 4.091458e-06 6.955478e-05 
       271 3.059341e-01 3.059082e-01 3.059329e-01 4.091412e-06 8.065927e-05 
       272 3.059375e-01 3.059082e-01 3.059362e-01 3.993954e-06 9.166611e-05 
       273 3.059409e-01 3.059082e-01 3.059396e-01 4.188735e-06 1.025753e-04 
       274 3.059441e-01 3.059082e-01 3.059429e-01 3.993867e-06 1.134843e-04 
       275 3.059474e-01 3.059387e-01 3.059462e-01 3.896413e-06 2.454740e-05 
       276 3.059507e-01 3.059387e-01 3.059495e-01 3.896371e-06 3.526216e-05 
       277 3.059540e-01 3.059387e-01 3.059528e-01 3.993738e-06 4.587929e-05 
       278 3.059572e-01 3.059387e-01 3.059560e-01 3.993696e-06 5.639878e-05 
       279 3.059604e-01 3.059387e-01 3.059592e-01 3.993654e-06 6.691806e-05 
       280 3.059636e-01 3.059692e-01 3.059624e-01 3.896208e-06 2.240319e-05 
       281 3.059667e-01 3.059692e-01 3.059655e-01 3.896167e-06 1.207812e-05 
       282 3.059699e-01 3.059692e-01 3.059687e-01 3.993530e-06 1.850661e-06 
       283 3.059731e-01 3.059692e-01 3.059718e-01 4.090892e-06 8.376588e-06 
       284 3.059762e-01 3.059692e-01 3.059749e-01 4.090850e-06 1.850623e-05 
       285 3.059793e-01 3.059692e-01 3.059780e-01 4.188209e-06 2.853826e-05 
       286 3.059823e-01 3.059692e-01 3.059810e-01 4.188168e-06 3.847271e-05 
       287 3.059853e-01 3.059692e-01 3.059841e-01 4.188126e-06 4.840695e-05 
       288 3.059883e-01 3.059692e-01 3.059871e-01 4.090688e-06 5.824360e-05 
       289 3.059913e-01 3.059692e-01 3.059900e-01 4.090648e-06 6.798268e-05 
       290 3.059943e-01 3.059692e-01 3.059930e-01 4.090608e-06 7.772155e-05 
       291 3.059973e-01 3.059692e-01 3.059960e-01 4.187963e-06 8.736286e-05 
       292 3.060002e-01 3.059692e-01 3.059989e-01 4.187923e-06 9.690659e-05 
       293 3.060031e-01 3.059692e-01 3.060018e-01 4.187883e-06 1.064501e-04 
       294 3.060060e-01 3.059692e-01 3.060047e-01 4.285235e-06 1.158961e-04 
       295 3.060089e-01 3.059998e-01 3.060076e-01 4.285195e-06 2.551639e-05 
       296 3.060117e-01 3.059998e-01 3.060104e-01 4.285155e-06 3.486558e-05 
       297 3.060145e-01 3.059998e-01 3.060133e-01 4.187727e-06 4.411721e-05 
       298 3.060173e-01 3.059998e-01 3.060161e-01 4.187688e-06 5.327129e-05 
       299 3.060201e-01 3.059998e-01 3.060189e-01 4.187650e-06 6.242520e-05 
       300 3.060229e-01 3.059998e-01 3.060216e-01 4.090226e-06 7.148156e-05 
       301 3.060256e-01 3.059998e-01 3.060244e-01 4.090189e-06 8.044038e-05 
       302 3.060284e-01 3.059998e-01 3.060271e-01 4.090152e-06 8.939904e-05 
       303 3.060310e-01 3.059998e-01 3.060298e-01 3.992733e-06 9.826017e-05 
       304 3.060337e-01 3.059998e-01 3.060325e-01 3.895314e-06 1.071211e-04 
       305 3.060364e-01 3.059998e-01 3.060352e-01 3.895280e-06 1.158846e-04 
       306 3.060391e-01 3.060303e-01 3.060379e-01 3.992628e-06 2.483220e-05 
       307 3.060417e-01 3.060303e-01 3.060405e-01 3.895213e-06 3.349883e-05 
       308 3.060443e-01 3.060303e-01 3.060431e-01 3.895179e-06 4.206794e-05 
       309 3.060470e-01 3.060303e-01 3.060458e-01 3.895146e-06 5.063690e-05 
       310 3.060496e-01 3.060303e-01 3.060484e-01 3.992491e-06 5.910834e-05 
       311 3.060521e-01 3.060303e-01 3.060510e-01 3.895080e-06 6.757963e-05 
       312 3.060547e-01 3.060608e-01 3.060535e-01 3.895047e-06 2.375979e-05 
       313 3.060573e-01 3.060608e-01 3.060561e-01 3.992390e-06 1.548268e-05 
       314 3.060598e-01 3.060608e-01 3.060586e-01 3.894983e-06 7.205718e-06 
       315 3.060623e-01 3.060608e-01 3.060611e-01 4.089698e-06 9.737377e-07 
       316 3.060648e-01 3.060608e-01 3.060636e-01 4.089665e-06 9.153059e-06 
       317 3.060673e-01 3.060608e-01 3.060661e-01 3.992260e-06 1.723488e-05 
       318 3.060697e-01 3.060913e-01 3.060685e-01 3.894856e-06 7.439175e-05 
       319 3.060722e-01 3.060913e-01 3.060710e-01 4.089566e-06 6.640676e-05 
       320 3.060746e-01 3.060913e-01 3.060734e-01 3.894794e-06 5.842191e-05 
       321 3.060771e-01 3.060913e-01 3.060758e-01 3.992132e-06 5.053455e-05 
       322 3.060795e-01 3.060913e-01 3.060783e-01 4.089469e-06 4.264732e-05 
       323 3.060819e-01 3.060913e-01 3.060806e-01 4.089437e-06 3.485758e-05 
       324 3.060843e-01 3.061218e-01 3.060830e-01 4.089405e-06 1.267716e-04 
       325 3.060867e-01 3.061218e-01 3.060854e-01 4.186740e-06 1.190787e-04 
       326 3.060890e-01 3.061218e-01 3.060877e-01 4.089342e-06 1.113859e-04 
       327 3.060913e-01 3.061218e-01 3.060901e-01 4.089311e-06 1.037906e-04 
       328 3.060936e-01 3.061218e-01 3.060924e-01 4.089280e-06 9.619545e-05 
       329 3.060959e-01 3.061218e-01 3.060947e-01 3.991886e-06 8.869777e-05 
       330 3.060982e-01 3.061218e-01 3.060970e-01 3.894494e-06 8.120020e-05 
       331 3.061004e-01 3.061218e-01 3.060992e-01 3.894465e-06 7.380012e-05 
       332 3.061027e-01 3.061218e-01 3.061015e-01 3.894437e-06 6.640014e-05 
       333 3.061050e-01 3.061218e-01 3.061038e-01 3.894408e-06 5.900028e-05 
       334 3.061072e-01 3.061218e-01 3.061060e-01 3.991739e-06 5.169789e-05 
       335 3.061095e-01 3.061218e-01 3.061082e-01 4.089069e-06 4.439560e-05 
       336 3.061117e-01 3.061218e-01 3.061104e-01 4.089039e-06 3.719078e-05 
       337 3.061139e-01 3.061218e-01 3.061126e-01 4.089010e-06 2.998607e-05 
       338 3.061160e-01 3.061218e-01 3.061148e-01 3.991624e-06 2.287882e-05 
       339 3.061182e-01 3.061218e-01 3.061170e-01 3.894239e-06 1.577167e-05 
       340 3.061203e-01 3.061218e-01 3.061191e-01 3.894212e-06 8.761977e-06 
       341 3.061225e-01 3.061218e-01 3.061213e-01 3.894185e-06 1.752383e-06 
       342 3.061246e-01 3.061218e-01 3.061234e-01 3.894158e-06 5.257113e-06 
       343 3.061268e-01 3.061218e-01 3.061256e-01 3.991484e-06 1.216916e-05 
       344 3.061289e-01 3.061218e-01 3.061277e-01 3.894104e-06 1.908111e-05 
       345 3.061309e-01 3.061218e-01 3.061298e-01 3.894077e-06 2.589561e-05 
       346 3.061330e-01 3.061218e-01 3.061318e-01 3.894051e-06 3.271002e-05 
       347 3.061351e-01 3.061218e-01 3.061339e-01 3.894024e-06 3.952434e-05 
       348 3.061371e-01 3.061218e-01 3.061360e-01 3.796648e-06 4.624122e-05 
       349 3.061392e-01 3.061218e-01 3.061380e-01 3.699273e-06 5.295802e-05 
       350 3.061412e-01 3.061218e-01 3.061401e-01 3.699249e-06 5.957737e-05 
       351 3.061432e-01 3.061218e-01 3.061421e-01 3.699224e-06 6.619665e-05 
       352 3.061453e-01 3.061523e-01 3.061441e-01 3.699200e-06 2.686787e-05 
       353 3.061473e-01 3.061523e-01 3.061461e-01 3.796522e-06 2.034547e-05 
       354 3.061493e-01 3.061523e-01 3.061481e-01 3.893844e-06 1.382315e-05 
       355 3.061513e-01 3.061523e-01 3.061501e-01 3.893819e-06 7.398256e-06 
       356 3.061533e-01 3.061523e-01 3.061520e-01 4.088483e-06 9.734484e-07 
       357 3.061553e-01 3.061523e-01 3.061540e-01 4.088457e-06 5.451276e-06 
       358 3.061572e-01 3.061523e-01 3.061559e-01 4.185775e-06 1.177858e-05 
       359 3.061592e-01 3.061523e-01 3.061579e-01 4.283091e-06 1.810579e-05 
       360 3.061612e-01 3.061829e-01 3.061598e-01 4.380407e-06 7.524565e-05 
       361 3.061631e-01 3.061829e-01 3.061617e-01 4.380379e-06 6.901531e-05 
       362 3.061650e-01 3.061829e-01 3.061636e-01 4.380352e-06 6.278505e-05 
       363 3.061669e-01 3.061829e-01 3.061655e-01 4.380325e-06 5.655486e-05 
       364 3.061688e-01 3.061829e-01 3.061674e-01 4.477638e-06 5.042210e-05 
       365 3.061706e-01 3.061829e-01 3.061693e-01 4.380271e-06 4.428941e-05 
       366 3.061725e-01 3.061829e-01 3.061712e-01 4.477583e-06 3.815679e-05 
       367 3.061744e-01 3.061829e-01 3.061730e-01 4.477556e-06 3.212160e-05 
       368 3.061762e-01 3.062134e-01 3.061749e-01 4.477529e-06 1.257602e-04 
       369 3.061780e-01 3.062134e-01 3.061767e-01 4.282828e-06 1.197245e-04 
       370 3.061799e-01 3.062134e-01 3.061785e-01 4.380139e-06 1.137863e-04 
       371 3.061817e-01 3.062134e-01 3.061804e-01 4.477449e-06 1.078481e-04 
       372 3.061835e-01 3.062134e-01 3.061822e-01 4.380087e-06 1.019100e-04 
       373 3.061854e-01 3.062134e-01 3.061840e-01 4.574731e-06 9.606934e-05 
       374 3.061872e-01 3.062134e-01 3.061858e-01 4.574704e-06 9.022874e-05 
       375 3.061889e-01 3.062134e-01 3.061875e-01 4.574677e-06 8.438819e-05 
       376 3.061907e-01 3.062134e-01 3.061893e-01 4.671984e-06 7.864506e-05 
       377 3.061925e-01 3.062134e-01 3.061911e-01 4.769290e-06 7.290200e-05 
       378 3.061942e-01 3.062134e-01 3.061928e-01 4.671930e-06 6.715900e-05 
       379 3.061960e-01 3.062134e-01 3.061945e-01 4.866567e-06 6.151340e-05 
       380 3.061978e-01 3.062134e-01 3.061963e-01 4.866539e-06 5.586787e-05 
       381 3.061995e-01 3.062134e-01 3.061980e-01 4.866512e-06 5.022240e-05 
       382 3.062012e-01 3.062134e-01 3.061997e-01 4.963814e-06 4.467433e-05 
       383 3.062029e-01 3.062134e-01 3.062014e-01 4.866457e-06 3.912632e-05 
       384 3.062046e-01 3.062134e-01 3.062031e-01 4.769102e-06 3.357837e-05 
       385 3.062063e-01 3.062134e-01 3.062048e-01 4.866404e-06 2.803048e-05 
       386 3.062080e-01 3.062134e-01 3.062065e-01 4.866377e-06 2.257999e-05 
       387 3.062096e-01 3.062134e-01 3.062081e-01 4.866351e-06 1.712955e-05 
       388 3.062113e-01 3.062134e-01 3.062098e-01 4.866324e-06 1.167918e-05 
       389 3.062130e-01 3.062134e-01 3.062114e-01 4.963624e-06 6.326187e-06 
       390 3.062146e-01 3.062134e-01 3.062131e-01 4.866272e-06 9.732544e-07 
       391 3.062162e-01 3.062134e-01 3.062147e-01 4.768921e-06 4.379621e-06 
       392 3.062178e-01 3.062134e-01 3.062164e-01 4.866220e-06 9.732440e-06 
       393 3.062195e-01 3.062134e-01 3.062180e-01 4.866194e-06 1.498788e-05 
       394 3.062211e-01 3.062134e-01 3.062196e-01 4.866169e-06 2.024326e-05 
       395 3.062227e-01 3.062134e-01 3.062212e-01 4.866143e-06 2.549859e-05 
       396 3.062242e-01 3.062134e-01 3.062228e-01 4.768796e-06 3.065654e-05 
       397 3.062258e-01 3.062134e-01 3.062243e-01 4.866093e-06 3.581444e-05 
       398 3.062274e-01 3.062134e-01 3.062259e-01 4.963389e-06 4.097229e-05 
       399 3.062290e-01 3.062134e-01 3.062275e-01 4.866043e-06 4.613008e-05 
       400 3.062306e-01 3.062134e-01 3.062291e-01 5.060659e-06 5.119051e-05 
       401 3.062322e-01 3.062134e-01 3.062306e-01 5.060633e-06 5.625088e-05 
       402 3.062337e-01 3.062134e-01 3.062322e-01 5.060608e-06 6.131121e-05 
       403 3.062352e-01 3.062134e-01 3.062337e-01 4.865944e-06 6.637148e-05 
       404 3.062367e-01 3.062134e-01 3.062352e-01 4.963239e-06 7.133439e-05 
       405 3.062383e-01 3.062134e-01 3.062367e-01 5.060532e-06 7.629725e-05 
       406 3.062398e-01 3.062134e-01 3.062383e-01 5.157824e-06 8.126006e-05 
       407 3.062413e-01 3.062134e-01 3.062398e-01 5.060482e-06 8.622282e-05 
       408 3.062428e-01 3.062134e-01 3.062413e-01 5.060457e-06 9.108822e-05 
       409 3.062443e-01 3.062134e-01 3.062428e-01 5.060432e-06 9.595358e-05 
       410 3.062458e-01 3.062134e-01 3.062443e-01 5.060408e-06 1.008189e-04 
       411 3.062473e-01 3.062134e-01 3.062457e-01 5.060383e-06 1.056842e-04 
       412 3.062488e-01 3.062134e-01 3.062472e-01 5.157674e-06 1.104521e-04 
       413 3.062502e-01 3.062134e-01 3.062487e-01 5.060335e-06 1.152199e-04 
       414 3.062516e-01 3.062134e-01 3.062501e-01 4.962997e-06 1.199878e-04 
       415 3.062531e-01 3.062134e-01 3.062516e-01 5.060287e-06 1.247555e-04 
       416 3.062546e-01 3.062134e-01 3.062530e-01 5.060263e-06 1.294260e-04 
       417 3.062561e-01 3.062134e-01 3.062544e-01 5.254864e-06 1.340963e-04 
       418 3.062575e-01 3.062134e-01 3.062559e-01 5.254839e-06 1.387667e-04 
       419 3.062589e-01 3.062134e-01 3.062573e-01 5.254815e-06 1.434370e-04 
       420 3.062603e-01 3.062134e-01 3.062587e-01 5.352102e-06 1.480099e-04 
       421 3.062617e-01 3.062134e-01 3.062601e-01 5.254767e-06 1.525829e-04 
       422 3.062631e-01 3.062134e-01 3.062615e-01 5.157432e-06 1.571557e-04 
       423 3.062645e-01 3.062134e-01 3.062629e-01 5.060099e-06 1.617286e-04 
       424 3.062658e-01 3.062134e-01 3.062643e-01 4.962767e-06 1.663014e-04 
       425 3.062672e-01 3.062134e-01 3.062657e-01 4.962745e-06 1.707768e-04 
       426 3.062686e-01 3.062134e-01 3.062671e-01 5.157339e-06 1.752522e-04 
       427 3.062700e-01 3.062134e-01 3.062684e-01 5.157316e-06 1.797276e-04 
       428 3.062714e-01 3.062134e-01 3.062698e-01 5.157293e-06 1.842029e-04 
       429 3.062727e-01 3.062134e-01 3.062712e-01 5.157270e-06 1.886782e-04 
       430 3.062741e-01 3.062134e-01 3.062725e-01 5.059941e-06 1.930562e-04 
       431 3.062754e-01 3.062134e-01 3.062738e-01 4.962612e-06 1.974341e-04 
       432 3.062767e-01 3.062134e-01 3.062752e-01 4.865285e-06 2.018120e-04 
       433 3.062780e-01 3.062134e-01 3.062765e-01 4.767959e-06 2.061899e-04 
       434 3.062794e-01 3.062134e-01 3.062778e-01 4.962548e-06 2.104704e-04 
       435 3.062807e-01 3.062134e-01 3.062792e-01 4.962526e-06 2.147509e-04 
       436 3.062820e-01 3.062134e-01 3.062805e-01 4.962505e-06 2.190314e-04 
       437 3.062833e-01 3.062134e-01 3.062818e-01 4.962484e-06 2.233118e-04 
       438 3.062846e-01 3.062134e-01 3.062831e-01 4.962463e-06 2.275922e-04 
       439 3.062859e-01 3.062134e-01 3.062844e-01 4.865139e-06 2.317752e-04 
       440 3.062872e-01 3.062134e-01 3.062856e-01 4.962421e-06 2.359583e-04 
       441 3.062885e-01 3.062134e-01 3.062869e-01 5.059703e-06 2.401413e-04 
       442 3.062898e-01 3.062134e-01 3.062882e-01 5.156983e-06 2.443242e-04 
       443 3.062910e-01 3.062134e-01 3.062895e-01 5.059660e-06 2.485072e-04 
       444 3.062923e-01 3.062134e-01 3.062908e-01 4.962338e-06 2.526900e-04 
       445 3.062935e-01 3.062134e-01 3.062920e-01 4.962318e-06 2.567756e-04 
       446 3.062949e-01 3.062134e-01 3.062933e-01 5.156898e-06 2.608612e-04 
       447 3.062961e-01 3.062134e-01 3.062945e-01 5.156876e-06 2.649467e-04 
       448 3.062974e-01 3.062134e-01 3.062958e-01 5.156855e-06 2.690322e-04 
       449 3.062986e-01 3.062134e-01 3.062970e-01 5.156835e-06 2.731176e-04 
       450 3.062998e-01 3.062134e-01 3.062983e-01 5.059515e-06 2.771058e-04 
       451 3.063011e-01 3.062134e-01 3.062995e-01 5.156793e-06 2.810939e-04 
       452 3.063023e-01 3.062134e-01 3.063007e-01 5.254070e-06 2.850820e-04 
       453 3.063036e-01 3.062134e-01 3.063019e-01 5.351347e-06 2.890700e-04 
       454 3.063048e-01 3.062134e-01 3.063031e-01 5.254029e-06 2.930580e-04 
       455 3.063060e-01 3.062134e-01 3.063043e-01 5.448601e-06 2.969487e-04 
       456 3.063072e-01 3.062134e-01 3.063055e-01 5.448579e-06 3.008394e-04 
       457 3.063084e-01 3.062134e-01 3.063067e-01 5.448559e-06 3.047301e-04 
       458 3.063096e-01 3.062134e-01 3.063079e-01 5.448537e-06 3.086207e-04 
       459 3.063108e-01 3.062134e-01 3.063091e-01 5.448516e-06 3.125113e-04 
       460 3.063120e-01 3.062134e-01 3.063103e-01 5.448495e-06 3.164019e-04 
       461 3.063132e-01 3.062134e-01 3.063115e-01 5.545768e-06 3.201952e-04 
       462 3.063143e-01 3.062134e-01 3.063126e-01 5.448454e-06 3.239884e-04 
       463 3.063155e-01 3.062134e-01 3.063138e-01 5.545726e-06 3.277816e-04 
       464 3.063167e-01 3.062134e-01 3.063149e-01 5.642998e-06 3.315748e-04 
       465 3.063178e-01 3.062134e-01 3.063161e-01 5.545684e-06 3.353679e-04 
       466 3.063189e-01 3.062134e-01 3.063173e-01 5.448371e-06 3.391611e-04 
       467 3.063201e-01 3.062134e-01 3.063184e-01 5.448351e-06 3.428569e-04 
       468 3.063212e-01 3.062134e-01 3.063195e-01 5.448330e-06 3.465527e-04 
       469 3.063223e-01 3.062134e-01 3.063207e-01 5.448310e-06 3.502485e-04 
       470 3.063235e-01 3.062134e-01 3.063218e-01 5.448290e-06 3.539443e-04 
       471 3.063246e-01 3.062134e-01 3.063229e-01 5.448270e-06 3.576400e-04 
       472 3.063257e-01 3.062134e-01 3.063241e-01 5.253670e-06 3.613357e-04 
       473 3.063268e-01 3.062134e-01 3.063252e-01 5.350941e-06 3.649342e-04 
       474 3.063279e-01 3.062134e-01 3.063263e-01 5.253632e-06 3.685326e-04 
       475 3.063290e-01 3.062134e-01 3.063274e-01 5.156324e-06 3.721309e-04 
       476 3.063300e-01 3.062134e-01 3.063285e-01 5.059017e-06 3.757293e-04 
       477 3.063311e-01 3.062134e-01 3.063296e-01 4.961710e-06 3.793276e-04 
       478 3.063322e-01 3.062134e-01 3.063307e-01 4.864404e-06 3.829259e-04 
       479 3.063333e-01 3.062134e-01 3.063318e-01 4.961674e-06 3.865241e-04 
       480 3.063344e-01 3.062134e-01 3.063329e-01 4.961656e-06 3.900251e-04 
       481 3.063354e-01 3.062134e-01 3.063339e-01 4.961639e-06 3.935261e-04 
       482 3.063365e-01 3.062134e-01 3.063350e-01 4.961622e-06 3.970270e-04 
       483 3.063376e-01 3.062134e-01 3.063361e-01 4.961605e-06 4.005280e-04 
       484 3.063387e-01 3.062134e-01 3.063371e-01 4.961587e-06 4.040288e-04 
       485 3.063397e-01 3.062134e-01 3.063382e-01 4.961570e-06 4.075297e-04 
       486 3.063408e-01 3.062134e-01 3.063393e-01 5.058838e-06 4.109333e-04 
       487 3.063419e-01 3.062134e-01 3.063403e-01 5.156106e-06 4.143369e-04 
       488 3.063430e-01 3.062134e-01 3.063414e-01 5.253373e-06 4.177404e-04 
       489 3.063440e-01 3.062439e-01 3.063424e-01 5.350640e-06 3.215248e-04 
       490 3.063451e-01 3.062439e-01 3.063434e-01 5.447906e-06 3.249286e-04 
       491 3.063462e-01 3.062439e-01 3.063445e-01 5.545171e-06 3.283325e-04 
       492 3.063472e-01 3.062439e-01 3.063455e-01 5.447868e-06 3.317363e-04 
       493 3.063482e-01 3.062439e-01 3.063465e-01 5.447850e-06 3.350428e-04 
       494 3.063492e-01 3.062439e-01 3.063475e-01 5.447832e-06 3.383493e-04 
       495 3.063502e-01 3.062439e-01 3.063486e-01 5.447814e-06 3.416558e-04 
       496 3.063513e-01 3.062439e-01 3.063496e-01 5.642361e-06 3.449622e-04 
       497 3.063523e-01 3.062439e-01 3.063506e-01 5.447778e-06 3.482687e-04 
       498 3.063533e-01 3.062439e-01 3.063516e-01 5.447760e-06 3.515751e-04 
       499 3.063543e-01 3.062439e-01 3.063526e-01 5.447742e-06 3.548815e-04 
       500 3.063553e-01 3.062439e-01 3.063536e-01 5.447724e-06 3.581879e-04 
       501 3.063563e-01 3.062439e-01 3.063546e-01 5.544987e-06 3.613970e-04 
       502 3.063573e-01 3.062439e-01 3.063556e-01 5.447689e-06 3.646061e-04 
       503 3.063582e-01 3.062439e-01 3.063566e-01 5.350392e-06 3.678151e-04 
       504 3.063592e-01 3.062744e-01 3.063576e-01 5.253095e-06 2.714099e-04 
       505 3.063601e-01 3.062744e-01 3.063585e-01 5.155799e-06 2.746193e-04 
       506 3.063611e-01 3.062744e-01 3.063595e-01 5.058504e-06 2.778286e-04 
       507 3.063621e-01 3.062744e-01 3.063605e-01 5.155766e-06 2.810379e-04 
       508 3.063630e-01 3.062744e-01 3.063615e-01 5.155750e-06 2.841499e-04 
       509 3.063641e-01 3.062744e-01 3.063624e-01 5.350290e-06 2.872619e-04 
       510 3.063650e-01 3.062744e-01 3.063634e-01 5.350273e-06 2.903739e-04 
       511 3.063660e-01 3.062744e-01 3.063643e-01 5.350256e-06 2.934859e-04 
       512 3.063669e-01 3.062744e-01 3.063653e-01 5.350240e-06 2.965978e-04 
       513 3.063679e-01 3.062744e-01 3.063662e-01 5.350223e-06 2.997098e-04 
       514 3.063688e-01 3.062744e-01 3.063672e-01 5.350207e-06 3.028217e-04 
       515 3.063698e-01 3.062744e-01 3.063681e-01 5.350190e-06 3.059336e-04 
       516 3.063707e-01 3.062744e-01 3.063691e-01 5.447449e-06 3.089482e-04 
       517 3.063717e-01 3.062744e-01 3.063700e-01 5.544709e-06 3.119628e-04 
       518 3.063726e-01 3.062744e-01 3.063709e-01 5.447417e-06 3.149774e-04 
       519 3.063735e-01 3.062744e-01 3.063718e-01 5.544675e-06 3.179920e-04 
       520 3.063745e-01 3.062744e-01 3.063728e-01 5.641934e-06 3.210065e-04 
       521 3.063754e-01 3.062744e-01 3.063737e-01 5.544642e-06 3.240211e-04 
       522 3.063763e-01 3.062744e-01 3.063746e-01 5.447351e-06 3.270356e-04 
       523 3.063772e-01 3.062744e-01 3.063755e-01 5.350061e-06 3.300501e-04 
       524 3.063781e-01 3.062744e-01 3.063765e-01 5.252771e-06 3.330646e-04 
       525 3.063790e-01 3.062744e-01 3.063774e-01 5.252756e-06 3.359818e-04 
       526 3.063799e-01 3.062744e-01 3.063782e-01 5.252740e-06 3.388990e-04 
       527 3.063807e-01 3.062744e-01 3.063791e-01 5.252725e-06 3.418162e-04 
       528 3.063817e-01 3.062744e-01 3.063800e-01 5.447255e-06 3.447334e-04 
       529 3.063825e-01 3.062744e-01 3.063809e-01 5.252694e-06 3.476506e-04 
       530 3.063834e-01 3.062744e-01 3.063818e-01 5.252679e-06 3.505677e-04 
       531 3.063843e-01 3.062744e-01 3.063827e-01 5.252664e-06 3.534848e-04 
       532 3.063852e-01 3.062744e-01 3.063836e-01 5.252648e-06 3.564019e-04 
       533 3.063861e-01 3.062744e-01 3.063845e-01 5.058091e-06 3.593190e-04 
       534 3.063869e-01 3.062744e-01 3.063854e-01 5.155347e-06 3.621388e-04 
       535 3.063878e-01 3.062744e-01 3.063862e-01 5.252603e-06 3.649587e-04 
       536 3.063887e-01 3.062744e-01 3.063871e-01 5.155318e-06 3.677785e-04 
       537 3.063895e-01 3.062744e-01 3.063880e-01 5.058034e-06 3.705983e-04 
       538 3.063903e-01 3.062744e-01 3.063888e-01 4.960750e-06 3.734180e-04 
       539 3.063912e-01 3.062744e-01 3.063897e-01 4.863467e-06 3.762378e-04 
       540 3.063920e-01 3.062744e-01 3.063906e-01 4.766184e-06 3.790575e-04 
       541 3.063929e-01 3.062744e-01 3.063914e-01 4.863440e-06 3.818773e-04 
       542 3.063937e-01 3.062744e-01 3.063923e-01 4.766157e-06 3.846970e-04 
       543 3.063946e-01 3.062744e-01 3.063931e-01 4.960681e-06 3.874195e-04 
       544 3.063955e-01 3.062744e-01 3.063940e-01 4.960667e-06 3.901419e-04 
       545 3.063963e-01 3.062744e-01 3.063948e-01 4.960654e-06 3.928643e-04 
       546 3.063971e-01 3.062744e-01 3.063956e-01 4.960640e-06 3.955867e-04 
       547 3.063980e-01 3.062744e-01 3.063965e-01 4.960627e-06 3.983091e-04 
       548 3.063988e-01 3.062744e-01 3.063973e-01 4.960613e-06 4.010315e-04 
       549 3.063996e-01 3.062744e-01 3.063981e-01 4.960600e-06 4.037539e-04 
       550 3.064005e-01 3.062744e-01 3.063990e-01 4.960586e-06 4.064763e-04 
       551 3.064013e-01 3.062744e-01 3.063998e-01 4.766041e-06 4.091986e-04 
       552 3.064021e-01 3.062744e-01 3.064006e-01 4.766027e-06 4.119209e-04 
       553 3.064029e-01 3.062744e-01 3.064014e-01 4.668749e-06 4.145460e-04 
       554 3.064037e-01 3.062744e-01 3.064022e-01 4.766002e-06 4.171711e-04 
       555 3.064045e-01 3.062744e-01 3.064030e-01 4.863255e-06 4.197962e-04 
       556 3.064053e-01 3.062744e-01 3.064038e-01 4.765977e-06 4.224212e-04 
       557 3.064061e-01 3.062744e-01 3.064047e-01 4.668700e-06 4.250463e-04 
       558 3.064069e-01 3.062744e-01 3.064055e-01 4.571424e-06 4.276713e-04 
       559 3.064076e-01 3.062744e-01 3.064063e-01 4.474148e-06 4.302963e-04 
       560 3.064085e-01 3.062744e-01 3.064071e-01 4.571400e-06 4.329213e-04 
       561 3.064092e-01 3.062744e-01 3.064079e-01 4.474124e-06 4.355462e-04 
       562 3.064100e-01 3.062744e-01 3.064087e-01 4.376849e-06 4.381712e-04 
       563 3.064108e-01 3.062744e-01 3.064094e-01 4.376838e-06 4.406990e-04 
       564 3.064116e-01 3.062744e-01 3.064102e-01 4.376827e-06 4.432267e-04 
       565 3.064123e-01 3.062744e-01 3.064110e-01 4.376816e-06 4.457544e-04 
       566 3.064131e-01 3.062744e-01 3.064118e-01 4.376805e-06 4.482821e-04 
       567 3.064139e-01 3.062744e-01 3.064125e-01 4.376794e-06 4.508097e-04 
       568 3.064147e-01 3.062744e-01 3.064133e-01 4.376783e-06 4.533374e-04 
       569 3.064154e-01 3.062744e-01 3.064141e-01 4.376771e-06 4.558651e-04 
       570 3.064162e-01 3.062744e-01 3.064149e-01 4.376760e-06 4.583927e-04 
       571 3.064170e-01 3.062744e-01 3.064156e-01 4.376750e-06 4.609203e-04 
       572 3.064177e-01 3.062744e-01 3.064164e-01 4.182217e-06 4.634480e-04 
       573 3.064185e-01 3.062744e-01 3.064172e-01 4.182206e-06 4.659756e-04 
       574 3.064192e-01 3.062744e-01 3.064179e-01 4.084935e-06 4.684060e-04 
       575 3.064200e-01 3.062744e-01 3.064187e-01 4.182186e-06 4.708363e-04 
       576 3.064207e-01 3.062744e-01 3.064194e-01 4.279435e-06 4.732667e-04 
       577 3.064215e-01 3.062744e-01 3.064202e-01 4.182165e-06 4.756970e-04 
       578 3.064222e-01 3.062744e-01 3.064209e-01 4.084896e-06 4.781273e-04 
       579 3.064229e-01 3.062744e-01 3.064217e-01 3.987627e-06 4.805576e-04 
       580 3.064236e-01 3.062744e-01 3.064224e-01 3.890358e-06 4.829880e-04 
       581 3.064243e-01 3.062744e-01 3.064232e-01 3.793090e-06 4.854182e-04 
       582 3.064250e-01 3.062744e-01 3.064239e-01 3.695822e-06 4.878485e-04 
       583 3.064258e-01 3.062744e-01 3.064246e-01 3.793072e-06 4.902788e-04 
       584 3.064265e-01 3.062744e-01 3.064254e-01 3.695804e-06 4.927090e-04 
       585 3.064273e-01 3.062744e-01 3.064261e-01 3.890311e-06 4.950421e-04 
       586 3.064280e-01 3.062744e-01 3.064268e-01 3.890302e-06 4.973751e-04 
       587 3.064288e-01 3.062744e-01 3.064275e-01 4.084808e-06 4.997081e-04 
       588 3.064295e-01 3.062744e-01 3.064283e-01 4.084798e-06 5.020411e-04 
       589 3.064302e-01 3.062744e-01 3.064290e-01 4.084789e-06 5.043742e-04 
       590 3.064309e-01 3.062744e-01 3.064297e-01 4.084779e-06 5.067071e-04 
       591 3.064317e-01 3.062744e-01 3.064304e-01 4.084769e-06 5.090401e-04 
       592 3.064324e-01 3.062744e-01 3.064311e-01 4.084760e-06 5.113730e-04 
       593 3.064331e-01 3.062744e-01 3.064318e-01 4.084750e-06 5.137060e-04 
       594 3.064338e-01 3.062744e-01 3.064325e-01 4.084741e-06 5.160389e-04 
       595 3.064345e-01 3.062744e-01 3.064333e-01 4.084731e-06 5.183719e-04 
       596 3.064352e-01 3.062744e-01 3.064340e-01 4.084722e-06 5.207048e-04 
       597 3.064359e-01 3.062744e-01 3.064347e-01 3.890202e-06 5.230377e-04 
       598 3.064366e-01 3.062744e-01 3.064354e-01 3.987449e-06 5.252734e-04 
       599 3.064373e-01 3.062744e-01 3.064361e-01 3.890185e-06 5.275091e-04 
       600 3.064380e-01 3.062744e-01 3.064367e-01 3.987430e-06 5.297447e-04 
       601 3.064387e-01 3.062744e-01 3.064374e-01 4.084676e-06 5.319804e-04 
       602 3.064394e-01 3.062744e-01 3.064381e-01 4.181921e-06 5.342161e-04 
       603 3.064401e-01 3.062744e-01 3.064388e-01 4.084658e-06 5.364517e-04 
       604 3.064407e-01 3.062744e-01 3.064395e-01 3.987395e-06 5.386873e-04 
       605 3.064414e-01 3.062744e-01 3.064402e-01 3.890133e-06 5.409229e-04 
       606 3.064421e-01 3.062744e-01 3.064409e-01 3.987377e-06 5.431586e-04 
       607 3.064428e-01 3.062744e-01 3.064415e-01 4.084621e-06 5.453941e-04 
       608 3.064435e-01 3.062744e-01 3.064422e-01 3.987359e-06 5.476297e-04 
       609 3.064441e-01 3.062744e-01 3.064429e-01 3.890098e-06 5.498653e-04 
       610 3.064448e-01 3.062744e-01 3.064436e-01 3.792837e-06 5.521009e-04 
       611 3.064454e-01 3.062744e-01 3.064443e-01 3.792829e-06 5.542393e-04 
       612 3.064461e-01 3.062744e-01 3.064449e-01 3.792821e-06 5.563776e-04 
       613 3.064468e-01 3.062744e-01 3.064456e-01 3.987316e-06 5.585160e-04 
       614 3.064474e-01 3.062744e-01 3.064462e-01 3.987307e-06 5.606543e-04 
       615 3.064481e-01 3.062744e-01 3.064469e-01 3.987298e-06 5.627926e-04 
       616 3.064488e-01 3.062744e-01 3.064475e-01 3.987290e-06 5.649309e-04 
       617 3.064494e-01 3.062744e-01 3.064482e-01 3.987282e-06 5.670692e-04 
       618 3.064501e-01 3.062744e-01 3.064488e-01 3.987273e-06 5.692075e-04 
       619 3.064507e-01 3.062744e-01 3.064495e-01 3.987264e-06 5.713459e-04 
       620 3.064514e-01 3.062744e-01 3.064502e-01 3.987256e-06 5.734841e-04 
       621 3.064520e-01 3.062744e-01 3.064508e-01 3.987248e-06 5.756224e-04 
       622 3.064527e-01 3.062744e-01 3.064515e-01 3.987239e-06 5.777606e-04 
       623 3.064533e-01 3.062744e-01 3.064521e-01 3.987230e-06 5.798989e-04 
       624 3.064539e-01 3.062744e-01 3.064528e-01 3.792723e-06 5.820371e-04 
       625 3.064546e-01 3.062744e-01 3.064534e-01 3.889965e-06 5.840782e-04 
       626 3.064552e-01 3.062744e-01 3.064540e-01 3.792708e-06 5.861192e-04 
       627 3.064559e-01 3.062744e-01 3.064547e-01 3.889949e-06 5.881602e-04 
       628 3.064565e-01 3.062744e-01 3.064553e-01 3.987189e-06 5.902012e-04 
       629 3.064571e-01 3.062744e-01 3.064559e-01 3.889933e-06 5.922423e-04 
       630 3.064577e-01 3.062744e-01 3.064565e-01 3.792677e-06 5.942833e-04 
       631 3.064583e-01 3.062744e-01 3.064572e-01 3.695421e-06 5.963243e-04 
       632 3.064589e-01 3.062744e-01 3.064578e-01 3.598166e-06 5.983653e-04 
       633 3.064595e-01 3.062744e-01 3.064584e-01 3.500911e-06 6.004062e-04 
       634 3.064601e-01 3.062744e-01 3.064590e-01 3.403656e-06 6.024472e-04 
       635 3.064607e-01 3.062744e-01 3.064597e-01 3.306402e-06 6.044881e-04 
       636 3.064613e-01 3.062744e-01 3.064603e-01 3.403642e-06 6.065291e-04 
       637 3.064619e-01 3.062744e-01 3.064609e-01 3.306389e-06 6.085701e-04 
       638 3.064625e-01 3.062744e-01 3.064615e-01 3.209136e-06 6.106110e-04 
       639 3.064632e-01 3.062744e-01 3.064622e-01 3.306375e-06 6.126519e-04 
       640 3.064638e-01 3.062744e-01 3.064628e-01 3.306369e-06 6.145957e-04 
       641 3.064644e-01 3.062744e-01 3.064634e-01 3.306362e-06 6.165394e-04 
       642 3.064650e-01 3.062744e-01 3.064640e-01 3.306356e-06 6.184831e-04 
       643 3.064656e-01 3.062744e-01 3.064646e-01 3.306350e-06 6.204268e-04 
       644 3.064662e-01 3.062744e-01 3.064651e-01 3.306343e-06 6.223705e-04 
       645 3.064668e-01 3.062744e-01 3.064657e-01 3.306337e-06 6.243142e-04 
       646 3.064674e-01 3.062744e-01 3.064663e-01 3.306330e-06 6.262579e-04 
       647 3.064680e-01 3.062744e-01 3.064669e-01 3.306324e-06 6.282015e-04 
       648 3.064685e-01 3.062744e-01 3.064675e-01 3.306317e-06 6.301452e-04 
       649 3.064691e-01 3.062744e-01 3.064681e-01 3.306311e-06 6.320889e-04 
       650 3.064697e-01 3.062744e-01 3.064687e-01 3.306305e-06 6.340325e-04 
       651 3.064703e-01 3.062744e-01 3.064693e-01 3.306298e-06 6.359762e-04 
       652 3.064709e-01 3.062744e-01 3.064699e-01 3.306292e-06 6.379198e-04 
       653 3.064715e-01 3.062744e-01 3.064705e-01 3.306285e-06 6.398634e-04 
       654 3.064721e-01 3.062744e-01 3.064711e-01 3.306279e-06 6.418071e-04 
       655 3.064727e-01 3.063354e-01 3.064717e-01 3.306272e-06 4.445964e-04 
       656 3.064733e-01 3.063354e-01 3.064723e-01 3.403509e-06 4.464432e-04 
       657 3.064739e-01 3.063354e-01 3.064728e-01 3.500746e-06 4.482900e-04 
       658 3.064745e-01 3.063354e-01 3.064734e-01 3.597982e-06 4.501368e-04 
       659 3.064750e-01 3.063354e-01 3.064740e-01 3.500733e-06 4.519836e-04 
       660 3.064756e-01 3.063354e-01 3.064745e-01 3.597969e-06 4.538303e-04 
       661 3.064762e-01 3.063354e-01 3.064751e-01 3.695205e-06 4.556771e-04 
       662 3.064768e-01 3.063354e-01 3.064757e-01 3.792440e-06 4.575239e-04 
       663 3.064774e-01 3.063354e-01 3.064762e-01 3.889675e-06 4.593706e-04 
       664 3.064780e-01 3.063354e-01 3.064768e-01 3.792426e-06 4.612173e-04 
       665 3.064785e-01 3.063354e-01 3.064774e-01 3.695177e-06 4.630641e-04 
       666 3.064791e-01 3.063354e-01 3.064779e-01 3.792412e-06 4.649108e-04 
       667 3.064797e-01 3.063354e-01 3.064785e-01 3.889646e-06 4.667575e-04 
       668 3.064803e-01 3.063354e-01 3.064791e-01 3.986880e-06 4.686042e-04 
       669 3.064808e-01 3.063354e-01 3.064796e-01 3.889632e-06 4.704510e-04 
       670 3.064814e-01 3.063354e-01 3.064802e-01 3.792384e-06 4.722977e-04 
       671 3.064820e-01 3.063354e-01 3.064808e-01 3.889617e-06 4.741444e-04 
       672 3.064825e-01 3.063354e-01 3.064813e-01 3.792370e-06 4.759911e-04 
       673 3.064830e-01 3.063354e-01 3.064819e-01 3.695123e-06 4.778377e-04 
       674 3.064836e-01 3.063354e-01 3.064824e-01 3.695116e-06 4.795872e-04 
       675 3.064842e-01 3.063354e-01 3.064830e-01 3.889589e-06 4.813367e-04 
       676 3.064847e-01 3.063354e-01 3.064835e-01 3.889582e-06 4.830862e-04 
       677 3.064852e-01 3.063354e-01 3.064840e-01 3.889576e-06 4.848356e-04 
       678 3.064858e-01 3.063354e-01 3.064846e-01 4.084047e-06 4.865851e-04 
       679 3.064864e-01 3.063354e-01 3.064851e-01 4.084040e-06 4.883345e-04 
       680 3.064869e-01 3.063354e-01 3.064857e-01 4.084033e-06 4.900839e-04 
       681 3.064874e-01 3.063354e-01 3.064862e-01 4.084026e-06 4.918334e-04 
       682 3.064880e-01 3.063354e-01 3.064867e-01 4.084019e-06 4.935829e-04 
       683 3.064885e-01 3.063354e-01 3.064873e-01 4.084012e-06 4.953323e-04 
       684 3.064891e-01 3.063354e-01 3.064878e-01 4.084005e-06 4.970817e-04 
       685 3.064896e-01 3.063354e-01 3.064883e-01 4.083997e-06 4.988311e-04 
       686 3.064901e-01 3.063354e-01 3.064889e-01 4.083990e-06 5.005805e-04 
       687 3.064906e-01 3.063354e-01 3.064894e-01 3.889508e-06 5.023299e-04 
       688 3.064911e-01 3.063354e-01 3.064899e-01 3.889501e-06 5.040793e-04 
       689 3.064917e-01 3.063354e-01 3.064905e-01 3.889494e-06 5.058287e-04 
       690 3.064921e-01 3.063354e-01 3.064910e-01 3.695013e-06 5.075781e-04 
       691 3.064927e-01 3.063354e-01 3.064916e-01 3.695006e-06 5.093275e-04 
       692 3.064932e-01 3.063354e-01 3.064921e-01 3.500526e-06 5.110768e-04 
       693 3.064937e-01 3.063354e-01 3.064926e-01 3.597757e-06 5.127290e-04 
       694 3.064942e-01 3.063354e-01 3.064931e-01 3.500515e-06 5.143812e-04 
       695 3.064947e-01 3.063354e-01 3.064936e-01 3.597745e-06 5.160333e-04 
       696 3.064952e-01 3.063354e-01 3.064941e-01 3.694975e-06 5.176855e-04 
       697 3.064957e-01 3.063354e-01 3.064946e-01 3.597733e-06 5.193377e-04 
       698 3.064963e-01 3.063354e-01 3.064951e-01 3.694963e-06 5.209898e-04 
       699 3.064968e-01 3.063354e-01 3.064956e-01 3.792193e-06 5.226420e-04 
       700 3.064973e-01 3.063354e-01 3.064961e-01 3.889422e-06 5.242941e-04 
       701 3.064979e-01 3.063354e-01 3.064966e-01 3.986651e-06 5.259463e-04 
       702 3.064984e-01 3.063354e-01 3.064972e-01 4.083880e-06 5.275984e-04 
       703 3.064989e-01 3.063354e-01 3.064977e-01 4.181108e-06 5.292505e-04 
       704 3.064995e-01 3.063354e-01 3.064982e-01 4.278336e-06 5.309026e-04 
       705 3.065000e-01 3.063354e-01 3.064987e-01 4.375564e-06 5.325548e-04 
       706 3.065006e-01 3.063354e-01 3.064992e-01 4.472791e-06 5.342069e-04 
       707 3.065010e-01 3.063354e-01 3.064997e-01 4.375549e-06 5.358589e-04 
       708 3.065015e-01 3.063354e-01 3.065002e-01 4.278308e-06 5.375110e-04 
       709 3.065020e-01 3.063354e-01 3.065007e-01 4.375535e-06 5.391631e-04 
       710 3.065025e-01 3.063354e-01 3.065012e-01 4.278294e-06 5.408152e-04 
       711 3.065030e-01 3.063354e-01 3.065017e-01 4.181053e-06 5.424673e-04 
       712 3.065035e-01 3.063965e-01 3.065022e-01 4.278279e-06 3.449849e-04 
       713 3.065040e-01 3.063965e-01 3.065027e-01 4.278273e-06 3.465401e-04 
       714 3.065045e-01 3.063965e-01 3.065032e-01 4.278266e-06 3.480953e-04 
       715 3.065050e-01 3.063965e-01 3.065037e-01 4.278259e-06 3.496505e-04 
       716 3.065054e-01 3.063965e-01 3.065041e-01 4.278253e-06 3.512057e-04 
       717 3.065060e-01 3.063965e-01 3.065046e-01 4.472712e-06 3.527608e-04 
       718 3.065065e-01 3.063965e-01 3.065051e-01 4.472705e-06 3.543160e-04 
       719 3.065069e-01 3.063965e-01 3.065056e-01 4.472698e-06 3.558712e-04 
       720 3.065074e-01 3.063965e-01 3.065060e-01 4.472691e-06 3.574264e-04 
       721 3.065079e-01 3.063965e-01 3.065065e-01 4.472684e-06 3.589815e-04 
       722 3.065084e-01 3.063965e-01 3.065070e-01 4.472677e-06 3.605367e-04 
       723 3.065089e-01 3.063965e-01 3.065075e-01 4.667134e-06 3.620918e-04 
       724 3.065094e-01 3.063965e-01 3.065079e-01 4.667127e-06 3.636470e-04 
       725 3.065098e-01 3.063965e-01 3.065084e-01 4.472656e-06 3.652021e-04 
       726 3.065103e-01 3.063965e-01 3.065089e-01 4.472649e-06 3.667572e-04 
       727 3.065107e-01 3.063965e-01 3.065094e-01 4.472643e-06 3.683124e-04 
       728 3.065112e-01 3.063965e-01 3.065099e-01 4.472635e-06 3.698675e-04 
       729 3.065117e-01 3.063965e-01 3.065103e-01 4.472628e-06 3.714226e-04 
       730 3.065122e-01 3.063965e-01 3.065108e-01 4.472622e-06 3.729778e-04 
       731 3.065127e-01 3.063965e-01 3.065113e-01 4.472614e-06 3.745329e-04 
       732 3.065131e-01 3.063965e-01 3.065118e-01 4.472608e-06 3.760880e-04 
       733 3.065136e-01 3.063965e-01 3.065122e-01 4.472601e-06 3.776431e-04 
       734 3.065141e-01 3.063965e-01 3.065127e-01 4.472594e-06 3.791982e-04 
       735 3.065146e-01 3.063965e-01 3.065132e-01 4.472587e-06 3.807532e-04 
       736 3.065150e-01 3.063965e-01 3.065136e-01 4.569810e-06 3.822111e-04 
       737 3.065155e-01 3.063965e-01 3.065141e-01 4.667033e-06 3.836690e-04 
       738 3.065160e-01 3.063965e-01 3.065145e-01 4.764256e-06 3.851269e-04 
       739 3.065164e-01 3.063965e-01 3.065150e-01 4.667020e-06 3.865848e-04 
       740 3.065169e-01 3.063965e-01 3.065154e-01 4.764242e-06 3.880427e-04 
       741 3.065174e-01 3.063965e-01 3.065159e-01 4.861465e-06 3.895006e-04 
       742 3.065178e-01 3.063965e-01 3.065163e-01 4.764228e-06 3.909584e-04 
       743 3.065182e-01 3.063965e-01 3.065168e-01 4.666992e-06 3.924163e-04 
       744 3.065187e-01 3.063965e-01 3.065172e-01 4.764215e-06 3.938742e-04 
       745 3.065192e-01 3.063965e-01 3.065177e-01 4.861437e-06 3.953320e-04 
       746 3.065196e-01 3.063965e-01 3.065181e-01 4.958658e-06 3.967899e-04 
       747 3.065201e-01 3.063965e-01 3.065186e-01 5.055879e-06 3.982477e-04 
       748 3.065206e-01 3.063965e-01 3.065190e-01 5.153100e-06 3.997055e-04 
       749 3.065211e-01 3.063965e-01 3.065194e-01 5.250321e-06 4.011634e-04 
       750 3.065215e-01 3.063965e-01 3.065199e-01 5.347541e-06 4.026212e-04 
       751 3.065220e-01 3.063965e-01 3.065203e-01 5.444761e-06 4.040791e-04 
       752 3.065224e-01 3.063965e-01 3.065208e-01 5.347526e-06 4.055369e-04 
       753 3.065228e-01 3.063965e-01 3.065212e-01 5.250290e-06 4.069947e-04 
       754 3.065233e-01 3.063965e-01 3.065217e-01 5.153055e-06 4.084525e-04 
       755 3.065237e-01 3.063965e-01 3.065221e-01 5.250275e-06 4.099103e-04 
       756 3.065242e-01 3.063965e-01 3.065226e-01 5.153040e-06 4.113681e-04 
       757 3.065246e-01 3.063965e-01 3.065230e-01 5.055806e-06 4.128260e-04 
       758 3.065251e-01 3.063965e-01 3.065235e-01 5.153025e-06 4.142838e-04 
       759 3.065255e-01 3.063965e-01 3.065239e-01 5.055791e-06 4.157416e-04 
       760 3.065259e-01 3.063965e-01 3.065244e-01 5.153010e-06 4.171993e-04 
       761 3.065264e-01 3.063965e-01 3.065248e-01 5.153003e-06 4.185599e-04 
       762 3.065268e-01 3.063965e-01 3.065252e-01 5.347449e-06 4.199205e-04 
       763 3.065273e-01 3.063965e-01 3.065256e-01 5.347441e-06 4.212811e-04 
       764 3.065277e-01 3.063965e-01 3.065260e-01 5.347434e-06 4.226417e-04 
       765 3.065282e-01 3.063965e-01 3.065265e-01 5.541879e-06 4.240023e-04 
       766 3.065286e-01 3.063965e-01 3.065269e-01 5.541871e-06 4.253629e-04 
       767 3.065290e-01 3.063965e-01 3.065273e-01 5.541864e-06 4.267235e-04 
       768 3.065294e-01 3.063965e-01 3.065277e-01 5.541856e-06 4.280841e-04 
       769 3.065298e-01 3.063965e-01 3.065281e-01 5.541848e-06 4.294446e-04 
       770 3.065302e-01 3.063965e-01 3.065285e-01 5.541841e-06 4.308052e-04 
       771 3.065307e-01 3.063965e-01 3.065290e-01 5.541833e-06 4.321658e-04 
       772 3.065311e-01 3.063965e-01 3.065294e-01 5.541826e-06 4.335263e-04 
       773 3.065315e-01 3.063965e-01 3.065298e-01 5.541818e-06 4.348869e-04 
       774 3.065319e-01 3.063965e-01 3.065302e-01 5.541811e-06 4.362474e-04 
       775 3.065323e-01 3.063965e-01 3.065306e-01 5.541803e-06 4.376080e-04 
       776 3.065327e-01 3.063965e-01 3.065310e-01 5.541795e-06 4.389685e-04 
       777 3.065332e-01 3.063965e-01 3.065315e-01 5.541788e-06 4.403291e-04 
       778 3.065336e-01 3.063965e-01 3.065319e-01 5.541780e-06 4.416896e-04 
       779 3.065339e-01 3.063965e-01 3.065323e-01 5.347325e-06 4.430502e-04 
       780 3.065343e-01 3.064575e-01 3.065327e-01 5.347318e-06 2.452960e-04 
       781 3.065348e-01 3.064575e-01 3.065331e-01 5.347310e-06 2.466568e-04 
       782 3.065352e-01 3.064575e-01 3.065335e-01 5.347303e-06 2.480176e-04 
       783 3.065355e-01 3.064575e-01 3.065340e-01 5.152849e-06 2.493784e-04 
       784 3.065360e-01 3.064575e-01 3.065344e-01 5.152841e-06 2.507392e-04 
       785 3.065364e-01 3.064575e-01 3.065348e-01 5.152835e-06 2.521000e-04 
       786 3.065368e-01 3.064575e-01 3.065352e-01 5.152828e-06 2.534608e-04 
       787 3.065372e-01 3.064575e-01 3.065356e-01 5.152820e-06 2.548216e-04 
       788 3.065376e-01 3.064575e-01 3.065360e-01 4.958368e-06 2.561823e-04 
       789 3.065380e-01 3.064575e-01 3.065364e-01 5.055584e-06 2.574459e-04 
       790 3.065383e-01 3.064575e-01 3.065368e-01 4.958355e-06 2.587095e-04 
       791 3.065388e-01 3.064575e-01 3.065372e-01 5.055571e-06 2.599731e-04 
       792 3.065392e-01 3.064575e-01 3.065376e-01 5.152787e-06 2.612366e-04 
       793 3.065395e-01 3.064575e-01 3.065380e-01 5.055559e-06 2.625002e-04 
       794 3.065400e-01 3.064575e-01 3.065384e-01 5.152775e-06 2.637637e-04 
       795 3.065404e-01 3.064575e-01 3.065388e-01 5.249990e-06 2.650273e-04 
       796 3.065407e-01 3.064575e-01 3.065391e-01 5.152761e-06 2.662908e-04 
       797 3.065411e-01 3.064575e-01 3.065395e-01 5.055533e-06 2.675544e-04 
       798 3.065415e-01 3.064575e-01 3.065399e-01 5.152748e-06 2.688179e-04 
       799 3.065419e-01 3.064575e-01 3.065403e-01 5.249964e-06 2.700815e-04 
       800 3.065423e-01 3.064575e-01 3.065407e-01 5.347178e-06 2.713450e-04 
       801 3.065428e-01 3.064575e-01 3.065411e-01 5.444393e-06 2.726085e-04 
       802 3.065432e-01 3.064575e-01 3.065415e-01 5.541607e-06 2.738721e-04 
       803 3.065436e-01 3.064575e-01 3.065419e-01 5.638821e-06 2.751356e-04 
       804 3.065440e-01 3.064575e-01 3.065422e-01 5.736035e-06 2.763991e-04 
       805 3.065444e-01 3.064575e-01 3.065426e-01 5.833248e-06 2.776626e-04 
       806 3.065448e-01 3.064575e-01 3.065430e-01 5.930462e-06 2.789261e-04 
       807 3.065453e-01 3.064575e-01 3.065434e-01 6.027675e-06 2.801896e-04 
       808 3.065456e-01 3.064575e-01 3.065438e-01 5.930447e-06 2.814532e-04 
       809 3.065460e-01 3.064575e-01 3.065442e-01 5.833219e-06 2.827167e-04 
       810 3.065463e-01 3.064575e-01 3.065446e-01 5.735991e-06 2.839802e-04 
       811 3.065467e-01 3.064575e-01 3.065450e-01 5.833204e-06 2.852437e-04 
       812 3.065472e-01 3.064575e-01 3.065453e-01 5.930417e-06 2.865072e-04 
       813 3.065475e-01 3.064575e-01 3.065457e-01 5.833189e-06 2.877707e-04 
       814 3.065479e-01 3.064575e-01 3.065461e-01 5.735963e-06 2.890342e-04 
       815 3.065483e-01 3.064575e-01 3.065465e-01 5.833175e-06 2.902977e-04 
       816 3.065487e-01 3.064575e-01 3.065469e-01 5.735948e-06 2.915612e-04 
       817 3.065491e-01 3.064575e-01 3.065473e-01 5.833160e-06 2.928246e-04 
       818 3.065494e-01 3.064575e-01 3.065477e-01 5.735933e-06 2.940881e-04 
       819 3.065498e-01 3.064575e-01 3.065480e-01 5.930365e-06 2.952544e-04 
       820 3.065502e-01 3.064575e-01 3.065484e-01 5.930358e-06 2.964207e-04 
       821 3.065506e-01 3.064575e-01 3.065487e-01 6.124789e-06 2.975870e-04 
       822 3.065510e-01 3.064575e-01 3.065491e-01 6.124782e-06 2.987532e-04 
       823 3.065513e-01 3.064575e-01 3.065495e-01 6.124775e-06 2.999195e-04 
       824 3.065517e-01 3.064575e-01 3.065498e-01 6.124767e-06 3.010858e-04 
       825 3.065521e-01 3.064575e-01 3.065502e-01 6.124760e-06 3.022521e-04 
       826 3.065524e-01 3.064575e-01 3.065505e-01 6.124753e-06 3.034183e-04 
       827 3.065528e-01 3.064575e-01 3.065509e-01 6.124746e-06 3.045846e-04 
       828 3.065531e-01 3.064575e-01 3.065512e-01 6.124739e-06 3.057508e-04 
       829 3.065535e-01 3.064575e-01 3.065516e-01 6.124731e-06 3.069171e-04 
       830 3.065538e-01 3.064575e-01 3.065520e-01 6.124725e-06 3.080834e-04 
       831 3.065542e-01 3.064575e-01 3.065523e-01 6.124717e-06 3.092496e-04 
       832 3.065546e-01 3.064575e-01 3.065527e-01 6.124710e-06 3.104159e-04 
       833 3.065549e-01 3.064575e-01 3.065530e-01 6.124703e-06 3.115821e-04 
       834 3.065553e-01 3.064575e-01 3.065534e-01 6.124696e-06 3.127484e-04 
       835 3.065556e-01 3.064575e-01 3.065538e-01 6.124689e-06 3.139146e-04 
       836 3.065560e-01 3.064575e-01 3.065541e-01 6.124681e-06 3.150808e-04 
       837 3.065563e-01 3.064575e-01 3.065545e-01 6.124675e-06 3.162471e-04 
       838 3.065567e-01 3.064575e-01 3.065548e-01 6.124667e-06 3.174133e-04 
       839 3.065571e-01 3.064575e-01 3.065552e-01 6.124660e-06 3.185796e-04 
       840 3.065574e-01 3.064575e-01 3.065555e-01 6.124653e-06 3.197458e-04 
       841 3.065578e-01 3.064575e-01 3.065559e-01 6.124646e-06 3.209120e-04 
       842 3.065581e-01 3.064575e-01 3.065563e-01 6.124639e-06 3.220782e-04 
       843 3.065585e-01 3.064575e-01 3.065566e-01 6.124631e-06 3.232445e-04 
       844 3.065588e-01 3.064575e-01 3.065570e-01 6.124625e-06 3.244107e-04 
       845 3.065592e-01 3.064575e-01 3.065573e-01 6.124617e-06 3.255769e-04 
       846 3.065596e-01 3.064575e-01 3.065577e-01 6.124610e-06 3.267431e-04 
       847 3.065599e-01 3.064575e-01 3.065580e-01 6.124603e-06 3.279093e-04 
       848 3.065603e-01 3.064575e-01 3.065584e-01 6.124596e-06 3.290755e-04 
       849 3.065606e-01 3.064575e-01 3.065588e-01 6.124589e-06 3.302417e-04 
       850 3.065610e-01 3.064575e-01 3.065591e-01 6.124581e-06 3.314079e-04 
       851 3.065613e-01 3.064575e-01 3.065595e-01 5.930143e-06 3.325741e-04 
       852 3.065616e-01 3.064575e-01 3.065598e-01 5.930136e-06 3.337403e-04 
       853 3.065620e-01 3.064575e-01 3.065602e-01 5.930130e-06 3.349065e-04 
       854 3.065624e-01 3.064575e-01 3.065605e-01 6.027338e-06 3.359755e-04 
       855 3.065627e-01 3.064575e-01 3.065608e-01 5.930117e-06 3.370445e-04 
       856 3.065630e-01 3.064575e-01 3.065612e-01 6.027326e-06 3.381135e-04 
       857 3.065633e-01 3.064575e-01 3.065615e-01 5.930104e-06 3.391825e-04 
       858 3.065637e-01 3.064575e-01 3.065618e-01 6.027313e-06 3.402515e-04 
       859 3.065640e-01 3.064575e-01 3.065622e-01 6.124521e-06 3.413205e-04 
       860 3.065643e-01 3.064575e-01 3.065625e-01 6.027300e-06 3.423895e-04 
       861 3.065647e-01 3.064575e-01 3.065628e-01 6.124508e-06 3.434585e-04 
       862 3.065650e-01 3.065186e-01 3.065631e-01 6.221715e-06 1.454326e-04 
       863 3.065653e-01 3.065186e-01 3.065635e-01 6.124495e-06 1.465018e-04 
       864 3.065657e-01 3.065186e-01 3.065638e-01 6.221702e-06 1.475710e-04 
       865 3.065661e-01 3.065186e-01 3.065641e-01 6.318910e-06 1.486402e-04 
       866 3.065664e-01 3.065186e-01 3.065645e-01 6.416117e-06 1.497094e-04 
       867 3.065667e-01 3.065186e-01 3.065648e-01 6.318896e-06 1.507786e-04 
       868 3.065670e-01 3.065186e-01 3.065651e-01 6.221675e-06 1.518478e-04 
       869 3.065673e-01 3.065186e-01 3.065654e-01 6.124455e-06 1.529170e-04 
       870 3.065676e-01 3.065186e-01 3.065658e-01 6.027235e-06 1.539861e-04 
       871 3.065680e-01 3.065186e-01 3.065661e-01 6.124442e-06 1.550553e-04 
       872 3.065683e-01 3.065186e-01 3.065664e-01 6.221649e-06 1.561245e-04 
       873 3.065687e-01 3.065186e-01 3.065667e-01 6.318855e-06 1.571937e-04 
       874 3.065690e-01 3.065186e-01 3.065671e-01 6.416062e-06 1.582629e-04 
       875 3.065693e-01 3.065186e-01 3.065674e-01 6.318842e-06 1.593320e-04 
       876 3.065696e-01 3.065186e-01 3.065677e-01 6.221622e-06 1.604012e-04 
       877 3.065699e-01 3.065186e-01 3.065681e-01 6.124403e-06 1.614704e-04 
       878 3.065702e-01 3.065186e-01 3.065684e-01 6.027184e-06 1.625395e-04 
       879 3.065705e-01 3.065186e-01 3.065687e-01 5.929965e-06 1.636087e-04 
       880 3.065709e-01 3.065186e-01 3.065690e-01 6.027171e-06 1.646779e-04 
       881 3.065712e-01 3.065186e-01 3.065694e-01 6.124377e-06 1.657470e-04 
       882 3.065715e-01 3.065186e-01 3.065697e-01 6.027158e-06 1.668162e-04 
       883 3.065718e-01 3.065186e-01 3.065700e-01 5.929940e-06 1.678853e-04 
       884 3.065721e-01 3.065186e-01 3.065704e-01 5.832721e-06 1.689545e-04 
       885 3.065725e-01 3.065186e-01 3.065707e-01 5.929927e-06 1.700236e-04 
       886 3.065728e-01 3.065186e-01 3.065710e-01 5.832709e-06 1.710928e-04 
       887 3.065731e-01 3.065186e-01 3.065713e-01 5.735491e-06 1.721619e-04 
       888 3.065735e-01 3.065186e-01 3.065717e-01 5.832696e-06 1.732311e-04 
       889 3.065737e-01 3.065186e-01 3.065720e-01 5.735478e-06 1.743002e-04 
       890 3.065740e-01 3.065186e-01 3.065723e-01 5.638261e-06 1.753694e-04 
       891 3.065743e-01 3.065186e-01 3.065726e-01 5.541044e-06 1.764385e-04 
       892 3.065746e-01 3.065186e-01 3.065730e-01 5.443826e-06 1.775076e-04 
       893 3.065750e-01 3.065186e-01 3.065733e-01 5.541032e-06 1.785768e-04 
       894 3.065753e-01 3.065186e-01 3.065736e-01 5.541026e-06 1.795487e-04 
       895 3.065756e-01 3.065186e-01 3.065739e-01 5.541021e-06 1.805206e-04 
       896 3.065759e-01 3.065186e-01 3.065742e-01 5.541016e-06 1.814926e-04 
       897 3.065762e-01 3.065186e-01 3.065745e-01 5.541010e-06 1.824645e-04 
       898 3.065765e-01 3.065186e-01 3.065748e-01 5.541005e-06 1.834364e-04 
       899 3.065768e-01 3.065186e-01 3.065751e-01 5.540999e-06 1.844083e-04 
       900 3.065771e-01 3.065186e-01 3.065754e-01 5.540994e-06 1.853803e-04 
       901 3.065774e-01 3.065186e-01 3.065757e-01 5.540989e-06 1.863522e-04 
       902 3.065777e-01 3.065186e-01 3.065760e-01 5.540983e-06 1.873241e-04 
       903 3.065780e-01 3.065186e-01 3.065763e-01 5.540978e-06 1.882960e-04 
       904 3.065783e-01 3.065186e-01 3.065766e-01 5.540972e-06 1.892680e-04 
       905 3.065786e-01 3.065186e-01 3.065769e-01 5.540967e-06 1.902399e-04 
       906 3.065789e-01 3.065186e-01 3.065772e-01 5.540962e-06 1.912118e-04 
       907 3.065792e-01 3.065186e-01 3.065775e-01 5.540956e-06 1.921837e-04 
       908 3.065795e-01 3.065186e-01 3.065778e-01 5.735370e-06 1.931556e-04 
       909 3.065798e-01 3.065186e-01 3.065781e-01 5.735365e-06 1.941275e-04 
       910 3.065801e-01 3.065186e-01 3.065784e-01 5.735359e-06 1.950994e-04 
       911 3.065804e-01 3.065186e-01 3.065787e-01 5.735354e-06 1.960713e-04 
       912 3.065807e-01 3.065186e-01 3.065790e-01 5.735348e-06 1.970432e-04 
       913 3.065810e-01 3.065186e-01 3.065793e-01 5.735342e-06 1.980151e-04 
       914 3.065813e-01 3.065186e-01 3.065796e-01 5.735337e-06 1.989870e-04 
       915 3.065816e-01 3.065186e-01 3.065799e-01 5.735331e-06 1.999589e-04 
       916 3.065819e-01 3.065186e-01 3.065802e-01 5.735325e-06 2.009308e-04 
       917 3.065822e-01 3.065186e-01 3.065805e-01 5.735320e-06 2.019027e-04 
       918 3.065825e-01 3.065186e-01 3.065808e-01 5.735315e-06 2.028746e-04 
       919 3.065828e-01 3.065186e-01 3.065811e-01 5.735309e-06 2.038465e-04 
       920 3.065831e-01 3.065186e-01 3.065813e-01 5.735303e-06 2.048184e-04 
       921 3.065834e-01 3.065186e-01 3.065816e-01 5.735298e-06 2.057903e-04 
       922 3.065837e-01 3.065186e-01 3.065819e-01 5.735292e-06 2.067621e-04 
       923 3.065840e-01 3.065186e-01 3.065822e-01 5.735287e-06 2.077340e-04 
       924 3.065843e-01 3.065186e-01 3.065825e-01 5.735281e-06 2.087059e-04 
       925 3.065846e-01 3.065186e-01 3.065828e-01 5.735275e-06 2.096778e-04 
       926 3.065849e-01 3.065186e-01 3.065831e-01 5.735270e-06 2.106497e-04 
       927 3.065852e-01 3.065186e-01 3.065834e-01 5.735264e-06 2.116215e-04 
       928 3.065854e-01 3.065186e-01 3.065837e-01 5.540843e-06 2.125934e-04 
       929 3.065857e-01 3.065186e-01 3.065840e-01 5.540838e-06 2.135653e-04 
       930 3.065860e-01 3.065186e-01 3.065843e-01 5.540832e-06 2.145371e-04 
       931 3.065863e-01 3.065186e-01 3.065846e-01 5.540827e-06 2.155090e-04 
       932 3.065866e-01 3.065186e-01 3.065849e-01 5.540822e-06 2.164809e-04 
       933 3.065869e-01 3.065186e-01 3.065852e-01 5.540816e-06 2.174527e-04 
       934 3.065872e-01 3.065186e-01 3.065855e-01 5.346396e-06 2.184246e-04 
       935 3.065875e-01 3.065186e-01 3.065858e-01 5.346391e-06 2.193965e-04 
       936 3.065878e-01 3.065186e-01 3.065861e-01 5.346386e-06 2.203683e-04 
       937 3.065881e-01 3.065186e-01 3.065864e-01 5.346381e-06 2.213402e-04 
       938 3.065884e-01 3.065186e-01 3.065867e-01 5.346375e-06 2.223120e-04 
       939 3.065886e-01 3.065186e-01 3.065870e-01 5.346370e-06 2.232839e-04 
       940 3.065889e-01 3.065186e-01 3.065873e-01 5.443572e-06 2.241585e-04 
       941 3.065892e-01 3.065186e-01 3.065875e-01 5.540774e-06 2.250332e-04 
       942 3.065895e-01 3.065186e-01 3.065878e-01 5.637976e-06 2.259079e-04 
       943 3.065898e-01 3.065186e-01 3.065881e-01 5.735177e-06 2.267825e-04 
       944 3.065901e-01 3.065186e-01 3.065884e-01 5.637966e-06 2.276572e-04 
       945 3.065904e-01 3.065186e-01 3.065886e-01 5.735167e-06 2.285318e-04 
       946 3.065906e-01 3.065186e-01 3.065889e-01 5.637956e-06 2.294065e-04 
       947 3.065909e-01 3.065186e-01 3.065892e-01 5.735157e-06 2.302811e-04 
       948 3.065912e-01 3.065186e-01 3.065894e-01 5.832358e-06 2.311558e-04 
       949 3.065915e-01 3.065186e-01 3.065897e-01 5.735147e-06 2.320304e-04 
       950 3.065917e-01 3.065186e-01 3.065900e-01 5.832348e-06 2.329051e-04 
       951 3.065920e-01 3.065186e-01 3.065902e-01 5.929548e-06 2.337797e-04 
       952 3.065923e-01 3.065186e-01 3.065905e-01 6.026749e-06 2.346544e-04 
       953 3.065926e-01 3.065186e-01 3.065908e-01 5.929538e-06 2.355290e-04 
       954 3.065929e-01 3.065186e-01 3.065910e-01 6.026738e-06 2.364037e-04 
       955 3.065932e-01 3.065186e-01 3.065913e-01 6.123938e-06 2.372783e-04 
       956 3.065935e-01 3.065186e-01 3.065916e-01 6.221138e-06 2.381530e-04 
       957 3.065938e-01 3.065186e-01 3.065918e-01 6.318338e-06 2.390276e-04 
       958 3.065940e-01 3.065186e-01 3.065921e-01 6.221127e-06 2.399022e-04 
       959 3.065943e-01 3.065186e-01 3.065924e-01 6.123917e-06 2.407769e-04 
       960 3.065945e-01 3.065186e-01 3.065926e-01 6.026707e-06 2.416515e-04 
       961 3.065947e-01 3.065186e-01 3.065929e-01 5.929497e-06 2.425261e-04 
       962 3.065950e-01 3.065186e-01 3.065932e-01 6.026696e-06 2.434008e-04 
       963 3.065953e-01 3.065186e-01 3.065934e-01 6.123896e-06 2.442754e-04 
       964 3.065956e-01 3.065186e-01 3.065937e-01 6.221095e-06 2.451500e-04 
       965 3.065959e-01 3.065186e-01 3.065940e-01 6.318294e-06 2.460247e-04 
       966 3.065962e-01 3.065186e-01 3.065943e-01 6.415493e-06 2.468993e-04 
       967 3.065965e-01 3.065186e-01 3.065945e-01 6.512692e-06 2.477739e-04 
       968 3.065968e-01 3.065186e-01 3.065948e-01 6.609890e-06 2.486485e-04 
       969 3.065971e-01 3.065186e-01 3.065951e-01 6.512681e-06 2.495231e-04 
       970 3.065973e-01 3.065186e-01 3.065953e-01 6.415471e-06 2.503977e-04 
       971 3.065975e-01 3.065186e-01 3.065956e-01 6.318261e-06 2.512724e-04 
       972 3.065978e-01 3.065186e-01 3.065959e-01 6.221052e-06 2.521470e-04 
       973 3.065980e-01 3.065186e-01 3.065961e-01 6.123842e-06 2.530216e-04 
       974 3.065983e-01 3.065186e-01 3.065964e-01 6.221041e-06 2.538962e-04 
       975 3.065986e-01 3.065186e-01 3.065967e-01 6.318239e-06 2.547708e-04 
       976 3.065989e-01 3.065186e-01 3.065969e-01 6.415437e-06 2.556454e-04 
       977 3.065991e-01 3.065186e-01 3.065972e-01 6.318228e-06 2.565201e-04 
       978 3.065994e-01 3.065186e-01 3.065975e-01 6.221019e-06 2.573947e-04 
       979 3.065997e-01 3.065186e-01 3.065977e-01 6.318216e-06 2.582693e-04 
       980 3.066000e-01 3.065186e-01 3.065980e-01 6.415414e-06 2.591439e-04 
       981 3.066002e-01 3.065186e-01 3.065983e-01 6.318206e-06 2.600185e-04 
       982 3.066005e-01 3.065186e-01 3.065985e-01 6.220997e-06 2.608931e-04 
       983 3.066007e-01 3.065186e-01 3.065988e-01 6.318195e-06 2.617677e-04 
       984 3.066010e-01 3.065186e-01 3.065991e-01 6.220986e-06 2.626423e-04 
       985 3.066012e-01 3.065186e-01 3.065993e-01 6.123778e-06 2.635168e-04 
       986 3.066015e-01 3.065186e-01 3.065996e-01 6.220975e-06 2.643914e-04 
       987 3.066018e-01 3.065186e-01 3.065999e-01 6.123767e-06 2.652660e-04 
       988 3.066020e-01 3.065186e-01 3.066002e-01 6.026559e-06 2.661406e-04 
       989 3.066022e-01 3.065186e-01 3.066004e-01 5.929352e-06 2.670152e-04 
       990 3.066025e-01 3.065186e-01 3.066007e-01 5.832144e-06 2.678898e-04 
       991 3.066027e-01 3.065186e-01 3.066010e-01 5.734937e-06 2.687644e-04 
       992 3.066030e-01 3.065186e-01 3.066012e-01 5.637729e-06 2.696390e-04 
       993 3.066033e-01 3.065186e-01 3.066015e-01 5.734927e-06 2.705136e-04 
       994 3.066035e-01 3.065186e-01 3.066017e-01 5.734922e-06 2.712910e-04 
       995 3.066037e-01 3.065186e-01 3.066020e-01 5.734918e-06 2.720684e-04 
       996 3.066040e-01 3.065186e-01 3.066022e-01 5.734913e-06 2.728458e-04 
       997 3.066042e-01 3.065186e-01 3.066024e-01 5.734908e-06 2.736232e-04 
       998 3.066044e-01 3.065186e-01 3.066027e-01 5.734904e-06 2.744006e-04 
       999 3.066047e-01 3.065186e-01 3.066029e-01 5.734900e-06 2.751780e-04 
      1000 3.066050e-01 3.065186e-01 3.066032e-01 5.929298e-06 2.759554e-04 
